Rk,Name,Age,Tm,Lg,G,PA,AB,R,H,2B,3B,HR,RBI,SB,CS,BB,SO,BA,OBP,SLG,OPS,OPS+,TB,GDP,HBP,SH,SF,IBB,Pos Summary
1,José Abreu\abreujo02,33,CHW,AL,60,262,240,43,76,15,0,19,60,0,0,18,59,.317,.370,.617,.987,165,148,10,3,0,1,1,*3/D
2,Ronald Acuna Jr.\acunaro01,22,ATL,NL,46,202,160,46,40,11,0,14,29,8,1,38,60,.250,.406,.581,.987,156,93,3,4,0,0,2,*89
3,Willy Adames\adamewi01,24,TBR,AL,54,205,185,29,48,15,1,8,23,2,1,20,74,.259,.332,.481,.813,126,89,4,0,0,0,0,*6/H
4,Austin Adams\adamsau02,29,SDP,NL,1,1,1,0,0,0,0,0,0,0,0,0,1,.000,.000,.000,.000,-100,0,0,0,0,0,0,/1
5,Matt Adams*\adamsma01,31,ATL,NL,16,51,49,4,9,2,0,2,9,0,0,2,18,.184,.216,.347,.563,45,17,3,0,0,0,0,D/H3
6,Jo Adell\adelljo01,21,LAA,AL,38,132,124,9,20,4,0,3,7,0,1,7,55,.161,.212,.266,.478,30,33,3,1,0,0,0,9/8H
7,Ehire Adrianza#\adriaeh01,30,MIN,AL,44,101,89,10,17,7,0,0,3,1,0,11,23,.191,.287,.270,.557,57,24,3,1,0,0,0,5H/64D1
8,Jesus Aguilar\aguilje01,30,MIA,NL,51,216,188,31,52,10,0,8,34,0,1,23,40,.277,.352,.457,.809,117,86,5,1,0,4,0,3D/5H
9,Nick Ahmed\ahmedni01,30,ARI,NL,57,217,199,29,53,10,1,5,29,4,0,18,46,.266,.327,.402,.729,97,80,3,0,0,0,0,*6/H
10,Shogo Akiyama*\akiyash01,32,CIN,NL,54,183,155,16,38,6,1,0,9,7,3,25,34,.245,.357,.297,.654,74,46,1,2,0,0,0,*78/HD
11,Hanser Alberto\alberha01,27,BAL,AL,54,231,219,35,62,15,0,3,22,3,0,5,30,.283,.306,.393,.698,88,86,6,3,2,2,0,*4/5DH
12,Ozzie Albies#\albieoz01,23,ATL,NL,29,124,118,21,32,5,0,6,19,3,1,5,30,.271,.306,.466,.773,100,55,0,1,0,0,0,4/H
13,Sergio Alcantara#\alcanse01,23,DET,AL,10,23,21,2,3,0,1,1,1,0,0,2,4,.143,.217,.381,.598,60,8,0,0,0,0,0,/45H
14,Jorge Alfaro\alfarjo01,27,MIA,NL,31,100,93,12,21,2,0,3,16,2,0,4,36,.226,.280,.344,.624,68,32,2,3,0,0,1,2/DH9
15,Anthony Alford\alforan01,25,TOT,MLB,18,29,28,5,6,0,1,2,7,3,0,1,8,.214,.241,.500,.741,96,14,0,0,0,0,0,/87HD9
16,Anthony Alford\alforan01,25,TOR,AL,13,16,16,3,3,0,0,1,3,3,0,0,7,.188,.188,.375,.563,49,6,0,0,0,0,0,/7H8D9
17,Anthony Alford\alforan01,25,PIT,NL,5,13,12,2,3,0,1,1,4,0,0,1,1,.250,.308,.667,.974,155,8,0,0,0,0,0,/87H
18,Austin Allen*\allenau01,26,OAK,AL,14,32,31,1,6,1,0,1,3,0,0,1,14,.194,.219,.323,.541,49,10,0,0,0,0,0,2
19,Greg Allen#\allengr01,27,TOT,MLB,16,32,26,4,4,1,0,1,4,2,0,3,10,.154,.281,.308,.589,62,8,0,2,0,1,0,7/8H9
20,Greg Allen#\allengr01,27,CLE,AL,15,28,25,3,4,1,0,1,4,1,0,1,9,.160,.214,.320,.534,44,8,0,1,0,1,0,7/8H
21,Greg Allen#\allengr01,27,SDP,NL,1,4,1,1,0,0,0,0,0,1,0,2,1,.000,.750,.000,.750,138,0,0,1,0,0,0,/79
22,Abraham Almonte#\almonab01,31,SDP,NL,7,13,11,0,1,0,0,0,0,1,1,2,4,.091,.231,.091,.322,-5,1,0,0,0,0,0,/D7H8
23,Albert Almora\almoral01,26,CHC,NL,28,34,30,4,5,1,0,0,1,0,0,3,9,.167,.265,.200,.465,29,6,0,1,0,0,0,8/H
24,Pete Alonso\alonspe01,25,NYM,NL,57,239,208,31,48,6,0,16,35,1,0,24,61,.231,.326,.490,.817,122,102,4,6,0,1,4,3D/H
25,Dan Altavilla\altavda01,27,TOT,MLB,1,0,0,0,0,0,0,0,0,0,0,0,0,,,,,,0,0,0,0,0,0,1
26,Dan Altavilla\altavda01,27,SEA,AL,1,0,0,0,0,0,0,0,0,0,0,0,0,,,,,,0,0,0,0,0,0,1
27,Jose Altuve\altuvjo01,30,HOU,AL,48,210,192,32,42,9,0,5,18,2,3,17,39,.219,.286,.344,.629,71,66,5,1,0,0,0,*4
28,Eddy Alvarez#\alvared01,30,MIA,NL,12,41,37,6,7,1,0,0,2,2,0,3,16,.189,.268,.216,.485,34,8,0,1,0,0,0,/45H6
29,Yordan Álvarez*\alvaryo01,23,HOU,AL,2,9,8,2,2,0,0,1,4,0,0,0,1,.250,.333,.625,.958,153,5,1,1,0,0,0,/D
30,Brian Anderson\anderbr06,27,MIA,NL,59,229,200,27,51,7,1,11,38,0,0,22,66,.255,.345,.465,.810,116,93,2,6,0,1,1,*5/34DH
31,Tim Anderson\anderti01,27,CHW,AL,49,221,208,45,67,11,1,10,21,5,2,10,50,.322,.357,.529,.886,140,110,4,2,0,1,0,*6
32,Elvis Andrus\andruel01,31,TEX,AL,29,111,103,11,20,5,0,3,7,3,1,8,15,.194,.252,.330,.582,60,34,5,0,0,0,0,6/H
33,Miguel Andujar\andujmi01,25,NYY,AL,21,65,62,5,15,2,1,1,5,0,0,3,9,.242,.277,.355,.632,75,22,1,0,0,0,0,/D75H
34,Sherten Apostel\apostsh01,21,TEX,AL,7,21,20,1,2,1,0,0,0,0,0,1,9,.100,.143,.150,.293,-19,3,0,0,0,0,0,/35
35,Aristides Aquino\aquinar01,26,CIN,NL,23,56,47,7,8,1,0,2,8,1,0,6,18,.170,.304,.319,.623,63,15,1,3,0,0,0,7/HD98
36,Jonathan Arauz#\arauzjo01,21,BOS,AL,25,80,72,8,18,2,0,1,9,0,0,8,21,.250,.325,.319,.644,73,23,0,0,0,0,0,4/56HD
37,Orlando Arcia\arciaor01,25,MIL,NL,59,189,173,22,45,10,1,5,20,2,0,14,32,.260,.317,.416,.734,95,72,10,1,0,1,0,*6/H18
38,Nolan Arenado\arenano01,29,COL,NL,48,201,182,23,46,9,0,8,26,0,0,15,20,.253,.303,.434,.738,86,79,7,0,0,4,3,*5
39,Randy Arozarena\arozara01,25,TBR,AL,23,76,64,15,18,2,0,7,11,4,0,6,22,.281,.382,.641,1.022,182,41,2,5,0,1,0,7/DH98
40,Luis Arraez*\arraelu01,23,MIN,AL,32,121,112,16,36,9,0,0,13,0,0,8,11,.321,.364,.402,.765,113,45,2,0,0,1,0,4/H
41,Christian Arroyo\arroych01,25,TOT,AL,15,54,50,7,12,1,0,3,8,0,0,4,11,.240,.296,.440,.736,93,22,2,0,0,0,0,4/65
42,Christian Arroyo\arroych01,25,CLE,AL,1,0,0,0,0,0,0,0,0,0,0,0,0,,,,,,0,0,0,0,0,0,/5
43,Christian Arroyo\arroych01,25,BOS,AL,14,54,50,7,12,1,0,3,8,0,0,4,11,.240,.296,.440,.736,93,22,2,0,0,0,0,4/6
44,Willians Astudillo\astudwi01,28,MIN,AL,8,16,16,4,4,1,0,1,3,0,0,0,2,.250,.250,.500,.750,101,8,0,0,0,0,0,/2H
45,Alex Avila*\avilaal01,33,MIN,AL,23,62,49,6,9,2,0,1,2,0,0,11,22,.184,.355,.286,.641,82,14,2,2,0,0,0,2/DH
46,Harrison Bader\baderha01,26,STL,NL,50,125,106,21,24,7,2,4,11,3,1,13,40,.226,.336,.443,.779,114,47,2,5,0,1,0,*8/HD
47,Javier Baez\baezja01,27,CHC,NL,59,235,222,27,45,9,1,8,24,3,0,7,75,.203,.238,.360,.599,59,80,8,4,0,2,0,*6/D7H
48,Austin Barnes\barneau01,30,LAD,NL,29,104,86,14,21,3,0,1,9,3,0,13,24,.244,.353,.314,.667,84,27,0,2,2,1,0,2/DH
49,Tucker Barnhart*\barnhtu01,29,CIN,NL,38,110,98,10,20,3,0,5,13,0,0,12,28,.204,.291,.388,.679,75,38,2,0,0,0,0,2/3H
50,José Barrero\garcijo02,22,CIN,NL,24,68,67,4,13,0,0,0,2,1,1,1,26,.194,.206,.194,.400,6,13,1,0,0,0,0,6/HD
51,Franklin Barreto\barrefr02,24,TOT,AL,21,28,27,5,2,0,0,0,2,1,0,0,15,.074,.107,.074,.181,-48,2,0,1,0,0,0,H/465D7
52,Franklin Barreto\barrefr02,24,OAK,AL,15,10,10,5,0,0,0,0,0,0,0,0,7,.000,.000,.000,.000,-100,0,0,0,0,0,0,H/46D
53,Franklin Barreto\barrefr02,24,LAA,AL,6,18,17,0,2,0,0,0,2,1,0,0,8,.118,.167,.118,.284,-20,2,0,1,0,0,0,/457H6
54,Joey Bart\bartjo01,23,SFG,NL,33,111,103,15,24,5,2,0,7,0,0,3,41,.233,.288,.320,.609,68,33,1,5,0,0,0,2/DH
55,Luis Alexander Basabe#\basablu01,23,SFG,NL,9,18,14,5,2,0,0,0,1,2,0,4,5,.143,.333,.143,.476,39,2,0,0,0,0,0,/97H
56,Matt Beaty*\beatyma01,27,LAD,NL,21,54,50,8,11,1,0,2,5,0,0,2,14,.220,.278,.360,.638,72,18,3,2,0,0,0,3/DH7
57,Cam Bedrosian\bedroca01,28,LAA,AL,1,0,0,0,0,0,0,0,0,0,0,0,0,,,,,,0,0,0,0,0,0,1
58,Josh Bell#\belljo02,27,PIT,NL,57,223,195,22,44,3,0,8,22,0,0,22,59,.226,.305,.364,.669,82,71,3,2,0,4,4,3D/H
59,Cody Bellinger*\bellico01,24,LAD,NL,56,243,213,33,51,10,0,12,30,6,1,30,42,.239,.333,.455,.789,112,97,4,0,0,0,2,83/D9
60,Brandon Belt*\beltbr01,32,SFG,NL,51,179,149,25,46,13,1,9,30,0,0,30,36,.309,.425,.591,1.015,177,88,5,0,0,0,1,*3/HD
61,Anthony Bemboom*\bemboan01,30,LAA,AL,21,60,48,9,10,1,0,3,5,0,1,7,13,.208,.328,.417,.744,103,20,0,2,2,1,0,2/1H
62,Andrew Benintendi*\beninan01,25,BOS,AL,14,52,39,4,4,1,0,0,1,1,2,11,17,.103,.314,.128,.442,25,5,1,1,1,0,0,7/H
63,Jon Berti\bertijo01,30,MIA,NL,39,149,120,21,31,5,0,2,14,9,2,23,37,.258,.388,.350,.738,102,42,1,3,2,1,0,4/895H6
64,Mookie Betts\bettsmo01,27,LAD,NL,55,246,219,47,64,9,1,16,39,10,2,24,38,.292,.366,.562,.927,147,123,2,2,0,1,1,*9/D48
65,Bo Bichette\bichebo01,22,TOR,AL,29,128,123,18,37,9,1,5,23,4,1,5,27,.301,.328,.512,.840,127,63,2,0,0,0,1,6/D
66,Cavan Biggio*\biggica01,25,TOR,AL,59,265,220,41,55,16,0,8,28,6,0,41,61,.250,.375,.432,.807,122,95,2,3,0,0,0,495/8HD7
67,Braden Bishop\bishobr01,26,SEA,AL,12,34,30,2,5,2,0,0,4,1,0,2,10,.167,.242,.233,.476,35,7,0,1,1,0,0,/987
68,Charlie Blackmon*\blackch02,33,COL,NL,59,247,221,31,67,12,1,6,42,2,1,19,44,.303,.356,.448,.804,104,99,4,2,0,5,4,*9/D
69,Travis Blankenhorn*\blanktr01,23,MIN,AL,1,4,3,0,1,1,0,0,0,0,0,0,0,.333,.500,.667,1.167,221,2,0,1,0,0,0,/4
70,Xander Bogaerts\bogaexa01,27,BOS,AL,56,225,203,36,61,8,0,11,28,8,0,21,41,.300,.364,.502,.867,128,102,3,0,0,1,2,*6/HD
71,Alec Bohm\bohmal01,23,PHI,NL,44,180,160,24,54,11,0,4,23,1,1,16,36,.338,.400,.481,.881,137,77,4,2,0,2,0,5/3D
72,Emilio Bonifacio#\bonifem01,35,WSN,NL,3,3,3,1,0,0,0,0,0,0,1,0,2,.000,.000,.000,.000,-100,0,0,0,0,0,0,/H7
73,Jorge Bonifacio\bonifjo01,27,DET,AL,30,94,86,8,19,3,0,2,17,0,0,5,26,.221,.277,.326,.602,65,28,1,2,0,1,0,79/H
74,David Bote\boteda01,27,CHC,NL,45,145,125,15,25,3,1,7,29,2,0,17,40,.200,.303,.408,.711,90,51,6,2,0,1,0,5/4HD3
75,Jackie Bradley Jr.*\bradlja02,30,BOS,AL,55,217,191,32,54,11,0,7,22,5,2,23,48,.283,.364,.450,.814,116,86,2,2,0,1,1,*8
76,Michael Brantley*\brantmi02,33,HOU,AL,46,187,170,24,51,15,0,5,22,2,0,17,28,.300,.364,.476,.840,127,81,3,0,0,0,0,D7/H
77,Rob Brantly*\brantro01,30,SFG,NL,1,3,3,0,0,0,0,0,0,0,0,0,0,.000,.000,.000,.000,-100,0,0,0,0,0,0,/2
78,Ryan Brasier\brasiry01,32,BOS,AL,1,0,0,0,0,0,0,0,0,0,0,0,0,,,,,,0,0,0,0,0,0,1
79,Ryan Braun\braunry02,36,MIL,NL,39,141,129,14,30,7,1,8,26,1,0,7,27,.233,.281,.488,.769,101,63,6,2,0,1,0,9D/H3
80,Alex Bregman\bregmal01,26,HOU,AL,42,180,153,19,37,12,1,6,22,0,0,24,26,.242,.350,.451,.801,117,69,2,2,0,1,1,*5/H
81,Jose Briceno\bricejo01,27,LAA,AL,2,6,5,0,1,0,0,0,0,0,0,1,1,.200,.333,.200,.533,52,1,0,0,0,0,0,/2
82,Lewis Brinson\brinsle01,26,MIA,NL,47,112,106,14,24,6,0,3,12,4,0,6,30,.226,.268,.368,.636,70,39,2,0,0,0,0,*97H/8
83,Mike Brosseau\brossmi01,26,TBR,AL,36,98,86,12,26,5,1,5,12,2,0,8,31,.302,.378,.558,.936,160,48,1,3,0,1,0,35/4H7D19
84,Seth Brown*\brownse01,27,OAK,AL,7,5,5,0,0,0,0,0,0,0,0,0,2,.000,.000,.000,.000,-100,0,0,0,0,0,0,/H3D
85,Jay Bruce*\bruceja01,33,PHI,NL,32,103,96,11,19,4,2,6,14,0,0,7,24,.198,.252,.469,.721,89,45,1,0,0,0,1,7D/H93
86,Kris Bryant\bryankr01,28,CHC,NL,34,147,131,20,27,5,1,4,11,0,0,12,40,.206,.293,.351,.644,73,46,1,4,0,0,0,5/7D3
87,Drew Butera\buterdr01,36,COL,NL,28,43,39,4,6,2,0,0,4,0,0,2,11,.154,.190,.205,.396,2,8,3,0,1,1,0,2/31
88,Byron Buxton\buxtoby01,26,MIN,AL,39,135,130,19,33,3,0,13,27,2,1,2,36,.254,.267,.577,.844,125,75,2,1,0,2,0,8
89,Asdrubal Cabrera#\cabreas01,34,WSN,NL,52,213,190,23,46,9,3,8,31,0,0,19,40,.242,.305,.447,.753,101,85,6,0,0,4,0,35D/H
90,Miguel Cabrera\cabremi01,37,DET,AL,57,231,204,28,51,4,0,10,35,1,0,24,51,.250,.329,.417,.746,104,85,3,1,0,2,1,*D/H
91,Lorenzo Cain\cainlo01,34,MIL,NL,5,21,18,4,6,1,0,0,2,0,0,3,2,.333,.429,.389,.817,122,7,1,0,0,0,1,/8
92,Kole Calhoun*\calhoko01,32,ARI,NL,54,228,190,35,43,9,0,16,40,1,1,28,50,.226,.338,.526,.864,130,100,6,6,0,4,0,*9/DH
93,Willie Calhoun*\calhowi01,25,TEX,AL,29,108,100,3,19,2,1,1,13,0,0,5,17,.190,.231,.260,.491,36,26,1,1,0,2,0,D/7H
94,Johan Camargo#\camarjo01,26,ATL,NL,35,127,120,16,24,8,0,4,9,0,0,6,35,.200,.244,.367,.611,58,44,1,1,0,0,0,45/HD
95,Daz Cameron\camerda01,23,DET,AL,17,59,57,4,11,2,1,0,3,1,0,2,19,.193,.220,.263,.483,33,15,1,0,0,0,0,9/H
96,Luis Campusano\campulu01,21,SDP,NL,1,4,3,2,1,0,0,1,1,0,0,0,2,.333,.500,1.333,1.833,385,4,0,1,0,0,0,/D
97,Jeimer Candelario#\candeje01,26,DET,AL,52,206,185,30,55,11,3,7,29,1,1,20,49,.297,.369,.503,.872,137,93,3,1,0,0,0,*35/H
98,Mark Canha\canhama01,31,OAK,AL,59,243,191,32,47,12,2,5,33,4,0,37,54,.246,.387,.408,.795,124,78,2,10,0,5,1,D97/83
99,Robinson Cano*\canoro01,37,NYM,NL,49,182,171,23,54,9,0,10,30,0,0,9,24,.316,.352,.544,.896,143,93,7,1,0,1,1,4D/H
100,Victor Caratini#\caratvi01,26,CHC,NL,44,132,116,10,28,7,0,1,16,0,1,12,31,.241,.333,.328,.661,80,38,4,4,0,0,1,2D/H3
101,Dylan Carlson#\carlsdy01,21,STL,NL,35,119,110,11,22,7,1,3,16,1,1,8,35,.200,.252,.364,.616,68,40,3,0,0,1,0,987/H
102,Matt Carpenter*\carpema01,34,STL,NL,50,169,140,22,26,6,0,4,24,0,0,23,48,.186,.325,.314,.640,79,44,1,6,0,0,1,5D/3H
103,Curt Casali\casalcu01,31,CIN,NL,31,93,76,10,17,3,0,6,8,2,0,14,29,.224,.366,.500,.866,123,38,2,3,0,0,0,2/HD
104,Nick Castellanos\casteni01,28,CIN,NL,60,242,218,37,49,11,2,14,34,0,2,19,69,.225,.298,.486,.784,100,106,5,4,0,1,1,*9/DH
105,Harold Castro*\castrha01,26,DET,AL,22,54,49,6,17,4,0,0,3,0,0,5,11,.347,.407,.429,.836,131,21,1,0,0,0,0,/H759348D6
106,Jason Castro*\castrja01,33,TOT,MLB,27,92,80,8,15,9,0,2,9,0,0,12,33,.188,.293,.375,.668,83,30,2,0,0,0,0,2/H
107,Jason Castro*\castrja01,33,LAA,AL,18,62,52,5,10,4,0,2,6,0,0,10,23,.192,.323,.385,.707,93,20,1,0,0,0,0,2/H
108,Jason Castro*\castrja01,33,SDP,NL,9,30,28,3,5,5,0,0,3,0,0,2,10,.179,.233,.357,.590,61,10,1,0,0,0,0,/2
109,Starlin Castro\castrst01,30,WSN,NL,16,63,60,9,16,3,1,2,4,0,0,3,13,.267,.302,.450,.752,100,27,0,0,0,0,0,4
110,Willi Castro#\castrwi01,23,DET,AL,36,140,129,21,45,4,2,6,24,0,1,7,38,.349,.381,.550,.932,153,71,0,1,1,2,0,6/54DH
111,Jake Cave*\caveja01,27,MIN,AL,42,123,113,17,25,3,2,4,15,0,2,5,44,.221,.285,.389,.674,85,44,0,5,0,0,0,89H/7D
112,Francisco Cervelli\cervefr01,34,MIA,NL,16,62,53,10,13,2,0,3,7,1,0,8,14,.245,.355,.453,.808,117,24,3,1,0,0,0,2
113,Yoenis Céspedes\cespeyo01,34,NYM,NL,8,34,31,3,5,1,0,2,4,0,0,2,15,.161,.235,.387,.622,68,12,1,1,0,0,0,/D
114,Yu Chang\changyu01,24,CLE,AL,10,13,11,1,2,0,0,0,1,0,0,2,4,.182,.308,.182,.490,40,2,2,0,0,0,0,/H654
115,Matt Chapman\chapmma01,27,OAK,AL,37,152,142,22,33,9,2,10,25,0,0,8,54,.232,.276,.535,.812,120,76,2,1,0,1,0,5/6
116,Michael Chavis\chavimi01,24,BOS,AL,42,158,146,16,31,5,2,5,19,3,0,8,50,.212,.259,.377,.636,67,55,6,2,0,2,0,37/4DH
117,Robinson Chirinos\chiriro01,36,TOT,MLB,26,82,74,4,12,3,0,1,7,0,0,6,21,.162,.232,.243,.475,32,18,5,1,0,1,0,2/DH
118,Robinson Chirinos\chiriro01,36,TEX,AL,14,49,42,3,5,1,0,0,2,0,0,5,12,.119,.224,.143,.367,5,6,3,1,0,1,0,2/DH
119,Robinson Chirinos\chiriro01,36,NYM,NL,12,33,32,1,7,2,0,1,5,0,0,1,9,.219,.242,.375,.617,67,12,2,0,0,0,0,2
120,Jazz Chisholm*\chishja01,22,MIA,NL,21,62,56,8,9,1,1,2,6,2,2,5,19,.161,.242,.321,.563,51,18,0,1,0,0,0,4/6H
121,Ji-Man Choi*\choiji01,29,TBR,AL,42,145,122,16,28,13,0,3,16,0,0,20,36,.230,.331,.410,.741,108,50,1,0,0,3,2,3H/D
122,Shin-Soo Choo*\choosh01,37,TEX,AL,33,127,110,13,26,3,0,5,15,6,2,13,33,.236,.323,.400,.723,99,44,1,2,0,2,1,7D/H9
123,Zack Collins*\colliza01,25,CHW,AL,9,18,16,1,1,1,0,0,0,0,0,2,5,.063,.167,.125,.292,-17,2,0,0,0,0,0,/DH23
124,Christian Colon\colonch01,31,CIN,NL,11,24,23,3,3,1,0,0,2,1,0,1,3,.130,.167,.174,.341,-11,4,1,0,0,0,0,/4DH3
125,Michael Conforto*\confomi01,27,NYM,NL,54,233,202,40,65,12,0,9,31,3,3,24,57,.322,.412,.515,.927,154,104,6,7,0,0,0,*9/DH
126,William Contreras\contrwi02,22,ATL,NL,4,10,10,0,4,1,0,0,1,0,0,0,4,.400,.400,.500,.900,136,5,0,0,0,0,0,/2
127,Willson Contreras\contrwi01,28,CHC,NL,57,225,189,37,46,10,0,7,26,1,2,20,57,.243,.356,.407,.763,106,77,6,14,0,2,1,*2D
128,Garrett Cooper\coopega03,29,MIA,NL,34,133,120,20,34,8,0,6,20,0,0,11,31,.283,.353,.500,.853,127,60,5,2,0,0,0,D3/H
129,Ryan Cordell\cordery01,28,NYM,NL,5,8,8,0,1,0,0,0,0,1,0,0,3,.125,.125,.125,.250,-30,1,0,0,0,0,0,/8H9
130,Franchy Cordero*\cordefr02,25,KCR,AL,16,42,38,7,8,3,0,2,7,1,0,4,4,.211,.286,.447,.733,94,17,1,0,0,0,0,/98HD7
131,Carlos Correa\correca01,25,HOU,AL,58,221,201,22,53,9,0,5,25,0,0,16,49,.264,.326,.383,.709,93,77,4,3,0,1,2,*6/H
132,Will Craig\craigwi01,25,PIT,NL,2,4,4,0,0,0,0,0,0,0,0,0,1,.000,.000,.000,.000,-100,0,0,0,0,0,0,/3
133,Brandon Crawford*\crawfbr01,33,SFG,NL,54,193,172,26,44,12,0,8,28,1,2,15,47,.256,.326,.465,.792,115,80,3,4,0,2,2,*6/H
134,J.P. Crawford*\crawfjp01,25,SEA,AL,53,232,204,33,52,7,2,2,24,6,3,23,39,.255,.336,.338,.674,91,69,4,3,0,2,0,*6
135,C.J. Cron\croncj01,30,DET,AL,13,52,42,9,8,3,0,4,8,0,0,9,16,.190,.346,.548,.894,141,23,2,1,0,0,0,3
136,Kevin Cron\cronke01,27,ARI,NL,8,20,17,0,0,0,0,0,0,0,0,1,7,.000,.150,.000,.150,-54,0,0,2,0,0,0,/DH3
137,Jake Cronenworth*\croneja01,26,SDP,NL,54,192,172,26,49,15,3,4,20,3,1,18,30,.285,.354,.477,.831,129,82,4,1,0,1,0,463/H5
138,Nelson Cruz\cruzne02,39,MIN,AL,53,214,185,33,56,6,0,16,33,0,0,25,58,.303,.397,.595,.992,171,110,8,4,0,0,5,*D/H
139,Charlie Culberson\culbech01,31,ATL,NL,9,7,7,2,1,1,0,0,1,0,0,0,4,.143,.143,.286,.429,9,2,0,0,0,0,0,/H34D1
140,Cheslor Cuthbert\cuthbch01,27,CHW,AL,1,1,1,0,0,0,0,0,0,0,0,0,0,.000,.000,.000,.000,-100,0,0,0,0,0,0,/5H
141,Travis d'Arnaud\darnatr01,31,ATL,NL,44,184,165,19,53,8,0,9,34,1,0,16,50,.321,.386,.533,.919,139,88,8,2,0,1,0,2/DH
142,David Dahl*\dahlda01,26,COL,NL,24,99,93,9,17,2,2,0,9,1,0,4,28,.183,.222,.247,.470,20,23,0,1,0,1,0,8/7D9
143,Bobby Dalbec\dalbebo01,25,BOS,AL,23,92,80,13,21,3,0,8,16,0,0,10,39,.263,.359,.600,.959,149,48,0,2,0,0,0,3/5D
144,Matt Davidson\davidma02,29,CIN,NL,20,47,43,3,7,1,0,3,11,0,0,4,13,.163,.234,.395,.629,60,17,2,0,0,0,0,DH/13
145,Austin Davis*\davisau01,27,TOT,NL,1,0,0,0,0,0,0,0,0,0,0,0,0,,,,,,0,0,0,0,0,0,/1
146,Austin Davis*\davisau01,27,PHI,NL,1,0,0,0,0,0,0,0,0,0,0,0,0,,,,,,0,0,0,0,0,0,/1
147,Chris Davis*\davisch02,34,BAL,AL,16,55,52,3,6,3,0,0,1,0,0,3,17,.115,.164,.173,.337,-8,9,0,0,0,0,0,3/H
148,J.D. Davis\davisjd01,27,NYM,NL,56,229,190,26,47,9,0,6,19,0,0,31,56,.247,.371,.389,.761,111,74,8,7,0,1,1,5D/7H
149,Jaylin Davis\davisja03,25,SFG,NL,4,12,12,2,2,0,0,1,1,0,0,0,6,.167,.167,.417,.583,54,5,0,0,0,0,0,/9
150,Jonathan Davis\davisjo05,28,TOR,AL,13,34,27,4,7,2,0,1,6,1,0,3,11,.259,.364,.444,.808,121,12,1,2,0,1,0,/987H
151,Khris Davis\daviskh01,32,OAK,AL,30,99,85,9,17,5,0,2,10,0,0,10,26,.200,.303,.329,.632,78,28,5,3,0,1,0,D/H
152,Austin Dean\deanau01,26,STL,NL,3,7,4,1,1,1,0,0,0,0,0,3,2,.250,.571,.500,1.071,202,2,0,0,0,0,0,/73H9
153,Paul DeJong\dejonpa01,26,STL,NL,45,174,152,17,38,6,0,3,25,1,0,17,50,.250,.322,.349,.671,87,53,4,1,0,4,0,*6
154,Nicky Delmonico*\delmoni01,27,CHW,AL,6,22,20,0,3,0,0,0,3,0,0,2,2,.150,.227,.150,.377,8,3,2,0,0,0,0,/97
155,Travis Demeritte\demertr01,25,DET,AL,18,33,29,5,5,1,0,0,4,0,0,3,14,.172,.273,.207,.480,36,6,0,1,0,0,0,9/HD71
156,Delino DeShields\deshide02,27,CLE,AL,37,120,107,10,27,3,2,0,7,3,2,9,29,.252,.310,.318,.628,73,34,0,0,4,0,0,8/HD
157,Rafael Devers*\deverra01,23,BOS,AL,57,248,232,32,61,16,1,11,43,0,0,13,67,.263,.310,.483,.793,107,112,8,3,0,0,0,*5/H
158,Aledmys Díaz\diazal02,29,HOU,AL,17,59,58,8,14,5,0,3,6,0,0,1,12,.241,.254,.483,.737,95,28,1,0,0,0,0,4/53D7H
159,Elias Diaz\diazel01,29,COL,NL,26,73,68,4,16,2,0,2,9,0,0,5,15,.235,.288,.353,.641,63,24,4,0,0,0,0,2/HD
160,Isan Diaz*\diazis01,24,MIA,NL,7,22,22,3,4,0,0,0,1,0,0,0,7,.182,.182,.182,.364,-1,4,0,0,0,0,0,/4
161,Lewin Diaz*\diazle01,23,MIA,NL,14,41,39,2,6,2,0,0,3,0,0,2,12,.154,.195,.205,.400,9,8,2,0,0,0,0,3/HD
162,Yandy Díaz\diazya01,28,TBR,AL,34,138,114,16,35,3,0,2,11,0,0,23,17,.307,.428,.386,.814,133,44,6,1,0,0,1,5/DH3
163,Alex Dickerson*\dickeal01,30,SFG,NL,52,170,151,28,45,10,1,10,27,0,0,16,30,.298,.371,.576,.947,156,87,5,2,0,1,2,*7H/9D
164,Corey Dickerson*\dickeco01,31,MIA,NL,52,210,194,25,50,5,1,7,17,1,1,15,35,.258,.311,.402,.713,91,78,5,0,0,0,1,*7/DH9
165,Derek Dietrich*\dietrde01,30,TEX,AL,25,75,61,9,12,1,0,5,8,1,1,9,21,.197,.347,.459,.806,121,28,4,5,0,0,0,/D3H45
166,Wilmer Difo#\difowi01,28,WSN,NL,12,18,14,1,1,0,0,0,1,0,0,3,4,.071,.222,.071,.294,-14,1,0,0,0,1,0,/4H65D
167,Brandon Dixon\dixonbr01,28,DET,AL,5,14,13,0,1,1,0,0,2,0,0,1,4,.077,.143,.154,.297,-18,2,1,0,0,0,0,/37H4
168,Josh Donaldson\donaljo02,34,MIN,AL,28,102,81,14,18,2,0,6,11,0,0,18,24,.222,.373,.469,.842,132,38,4,2,0,1,1,5/H
169,Brian Dozier\doziebr01,33,NYM,NL,7,16,15,1,2,0,0,0,0,0,0,1,5,.133,.188,.133,.321,-9,2,1,0,0,0,0,/4DH
170,Hunter Dozier\doziehu01,28,KCR,AL,44,186,158,29,36,4,2,6,12,4,0,27,48,.228,.344,.392,.736,99,62,3,1,0,0,0,39/75
171,Brandon Drury\drurybr01,27,TOR,AL,21,49,46,3,7,1,0,0,1,0,0,2,9,.152,.184,.174,.358,0,8,0,0,0,1,0,5/46H
172,Mauricio Dubon\dubonma01,25,SFG,NL,54,177,157,21,43,4,1,4,19,2,3,15,36,.274,.337,.389,.726,100,61,4,1,1,2,0,*8/46H
173,Steven Duggar*\duggast01,26,SFG,NL,21,36,34,3,6,2,0,0,3,1,0,1,11,.176,.222,.235,.458,27,8,1,1,0,0,0,7/98H
174,Adam Duvall\duvalad01,31,ATL,NL,57,209,190,34,45,8,0,16,33,0,0,15,54,.237,.301,.532,.833,114,101,2,3,0,1,0,*79/H8D
175,Jarrod Dyson*\dysonja01,35,TOT,MLB,32,66,61,9,11,0,0,0,5,6,0,4,11,.180,.231,.180,.411,15,11,0,0,1,0,0,8/H7D9
176,Jarrod Dyson*\dysonja01,35,PIT,NL,21,55,51,6,8,0,0,0,5,4,0,4,10,.157,.218,.157,.375,5,8,0,0,0,0,0,8/H
177,Jarrod Dyson*\dysonja01,35,CHW,AL,11,11,10,3,3,0,0,0,0,2,0,0,1,.300,.300,.300,.600,67,3,0,0,1,0,0,/7H8D9
178,Adam Eaton*\eatonad02,31,WSN,NL,41,176,159,22,36,11,1,4,17,3,0,12,32,.226,.285,.384,.669,79,61,4,1,4,0,1,*9/H
179,Tommy Edman#\edmanto01,25,STL,NL,55,227,204,29,51,7,1,5,26,2,4,16,48,.250,.317,.368,.685,90,75,5,5,0,2,0,596/47H
180,Seth Elledge\elledse01,24,STL,NL,1,0,0,0,0,0,0,0,0,0,0,0,0,,,,,,0,0,0,0,0,0,1
181,Edwin Encarnacion\encared01,37,CHW,AL,44,181,159,19,25,5,0,10,19,0,0,16,54,.157,.250,.377,.627,70,60,3,4,0,1,0,*D/H
182,Adam Engel\engelad01,28,CHW,AL,36,93,88,11,26,5,1,3,12,1,0,3,19,.295,.333,.477,.811,120,42,1,2,0,0,0,9H/78
183,Phil Ervin\ervinph01,27,TOT,MLB,37,89,74,10,11,3,0,0,4,1,0,14,22,.149,.292,.189,.481,35,14,2,1,0,0,0,9H7/8D
184,Phil Ervin\ervinph01,27,CIN,NL,19,42,35,5,3,0,0,0,0,1,0,6,8,.086,.238,.086,.324,-10,3,1,1,0,0,0,H7/8D9
185,Phil Ervin\ervinph01,27,SEA,AL,18,47,39,5,8,3,0,0,4,0,0,8,14,.205,.340,.282,.622,79,11,1,0,0,0,0,9/H
186,Eduardo Escobar#\escobed01,31,ARI,NL,54,222,203,22,43,7,3,4,20,1,0,15,41,.212,.270,.335,.605,63,68,5,2,0,2,4,*5/D4
187,Santiago Espinal\espinsa01,25,TOR,AL,26,66,60,10,16,4,0,0,6,1,0,4,16,.267,.308,.333,.641,77,20,1,0,1,1,0,6/H51
188,Thairo Estrada\estrath01,24,NYY,AL,26,52,48,8,8,0,0,1,3,1,0,1,19,.167,.231,.229,.460,29,11,0,3,0,0,0,4/5H6
189,Phillip Evans\evansph01,27,PIT,NL,11,45,39,6,14,2,0,1,9,0,1,5,7,.359,.444,.487,.932,155,19,1,1,0,0,0,/5379
190,Kyle Farmer\farmeky01,29,CIN,NL,32,70,64,4,17,3,0,0,4,1,0,5,13,.266,.329,.313,.641,69,20,0,1,0,0,0,64/573H
191,Derek Fisher*\fishede01,26,TOR,AL,16,39,31,5,7,2,1,1,7,0,1,7,11,.226,.359,.452,.811,122,14,0,0,0,1,0,9/7HD
192,David Fletcher\fletcda02,26,LAA,AL,49,230,207,31,66,13,0,3,18,2,1,20,25,.319,.376,.425,.801,120,88,4,0,1,2,0,64/59
193,Wilmer Flores\florewi01,28,SFG,NL,55,213,198,30,53,11,1,12,32,1,0,13,36,.268,.315,.515,.830,124,102,5,1,0,1,1,D34/H5
194,Estevan Florial*\flories01,22,NYY,AL,1,3,3,0,1,0,0,0,0,0,0,0,2,.333,.333,.333,.667,87,1,0,0,0,0,0,/8
195,Tyler Flowers\flowety01,34,ATL,NL,22,80,69,5,15,6,0,1,5,0,0,8,34,.217,.325,.348,.673,78,24,1,3,0,0,0,2
196,Mike Ford*\fordmi01,27,NYY,AL,29,84,74,5,10,4,0,2,11,0,0,7,16,.135,.226,.270,.496,38,20,4,2,0,1,0,3H/D
197,Logan Forsythe\forsylo01,33,MIA,NL,12,38,34,2,4,1,0,1,2,0,0,4,12,.118,.211,.235,.446,21,8,0,0,0,0,0,/43D1
198,Matt Foster\fostema01,25,CHW,AL,1,0,0,0,0,0,0,0,0,0,0,0,0,,,,,,0,0,0,0,0,0,1
199,Dexter Fowler#\fowlede01,34,STL,NL,31,101,90,14,21,2,0,4,15,1,1,10,28,.233,.317,.389,.706,95,35,2,1,0,0,0,9/DH
200,Jake Fraley*\fraleja01,25,SEA,AL,7,29,26,3,4,1,1,0,0,2,1,2,11,.154,.241,.269,.511,44,7,0,1,0,0,0,/97
201,Ty France\francty01,25,TOT,MLB,43,155,141,19,43,9,1,4,23,0,0,11,37,.305,.368,.468,.836,133,66,3,3,0,0,0,D4/H53
202,Ty France\francty01,25,SDP,NL,20,61,55,9,17,4,0,2,10,0,0,5,15,.309,.377,.491,.868,140,27,1,1,0,0,0,D/H35
203,Ty France\francty01,25,SEA,AL,23,94,86,10,26,5,1,2,13,0,0,6,22,.302,.362,.453,.815,128,39,2,2,0,0,0,4/D5
204,Maikel Franco\francma02,27,KCR,AL,60,243,223,23,62,16,0,8,38,1,0,16,38,.278,.321,.457,.778,108,102,4,0,0,4,1,*5/D3
205,Adam Frazier*\fraziad01,28,PIT,NL,58,230,209,22,48,7,0,7,23,1,3,17,35,.230,.297,.364,.661,79,76,3,3,1,0,0,*47/HD
206,Clint Frazier\frazicl01,25,NYY,AL,39,160,131,24,35,6,1,8,26,3,0,25,44,.267,.394,.511,.905,150,67,5,3,0,1,0,9/7D
207,Todd Frazier\frazito01,34,TOT,MLB,45,172,157,16,37,9,1,4,12,1,1,11,42,.236,.302,.382,.684,88,60,1,4,0,0,0,53/1H
208,Todd Frazier\frazito01,34,TEX,AL,31,121,108,11,26,7,1,2,7,1,1,10,26,.241,.322,.380,.702,94,41,0,3,0,0,0,35/H
209,Todd Frazier\frazito01,34,NYM,NL,14,51,49,5,11,2,0,2,5,0,0,1,16,.224,.255,.388,.643,74,19,1,1,0,0,0,5/1
210,Freddie Freeman*\freemfr01,30,ATL,NL,60,262,214,51,73,23,1,13,53,2,0,45,37,.341,.462,.640,1.102,187,137,6,3,0,0,7,*3/DH
211,Mike Freeman*\freemmi01,32,CLE,AL,24,43,38,5,9,3,0,0,3,0,0,3,11,.237,.302,.316,.618,70,12,0,1,0,1,0,H/5476D3
212,Joshua Fuentes\fuentjo01,27,COL,NL,30,103,98,14,30,7,0,2,17,1,0,2,29,.306,.320,.439,.759,92,43,1,1,0,2,0,3/5H79
213,Cam Gallagher\gallaca01,27,KCR,AL,25,60,53,10,15,5,0,1,3,0,0,6,11,.283,.356,.434,.790,113,23,0,0,1,0,0,2
214,Joey Gallo*\gallojo01,26,TEX,AL,57,226,193,23,35,8,0,10,26,2,0,29,79,.181,.301,.378,.679,87,73,0,4,0,0,2,*9/DH8
215,Freddy Galvis#\galvifr01,30,CIN,NL,47,159,141,18,31,5,0,7,16,1,1,13,30,.220,.308,.404,.712,84,57,5,5,0,0,0,64/H
216,Ben Gamel*\gamelbe01,28,MIL,NL,40,127,114,13,27,8,1,3,10,0,2,13,39,.237,.315,.404,.718,91,46,4,0,0,0,0,98/H7
217,Adolis García\garciad02,27,TEX,AL,3,7,6,0,0,0,0,0,0,0,0,1,4,.000,.143,.000,.143,-55,0,0,0,0,0,0,/7
218,Avisail Garcia\garciav01,29,MIL,NL,53,207,181,20,43,10,0,2,15,1,3,20,49,.238,.333,.326,.659,78,59,2,6,0,0,2,*8/9DH
219,Greg Garcia*\garcigr01,30,SDP,NL,35,71,60,6,12,3,0,0,11,1,0,7,18,.200,.279,.250,.529,50,15,0,0,3,1,0,H45D
220,Leury Garcia#\garcile02,29,CHW,AL,16,63,59,6,16,1,0,3,8,0,0,4,9,.271,.317,.441,.758,106,26,0,0,0,0,0,6/49H
221,Luis Garcia*\garcilu04,20,WSN,NL,40,139,134,18,37,6,0,2,16,1,1,5,29,.276,.302,.366,.668,81,49,3,0,0,0,0,4/6H
222,Brett Gardner*\gardnbr01,36,NYY,AL,49,158,130,20,29,5,1,5,15,3,3,26,35,.223,.354,.392,.747,109,51,0,1,0,1,0,*78/HD
223,Kyle Garlick\garliky01,28,PHI,NL,12,23,22,0,3,1,0,0,3,0,0,0,7,.136,.174,.182,.356,-3,4,0,1,0,0,0,/79HD
224,Dustin Garneau\garnedu01,32,HOU,AL,17,46,38,4,6,0,1,1,4,0,0,6,15,.158,.273,.289,.562,54,11,1,0,2,0,0,2/H
225,Mitch Garver\garvemi01,29,MIN,AL,23,81,72,8,12,1,0,2,5,0,0,7,37,.167,.247,.264,.511,42,19,1,1,0,1,0,2/H3
226,Andres Gimenez*\gimenan01,21,NYM,NL,49,132,118,22,31,3,2,3,12,8,1,7,28,.263,.333,.398,.732,101,47,0,6,0,1,0,645/H
227,Ryan Goins*\goinsry01,32,CHW,AL,14,10,9,4,0,0,0,0,0,0,0,1,1,.000,.100,.000,.100,-69,0,0,0,0,0,0,/HD564
228,Paul Goldschmidt\goldspa01,32,STL,NL,58,231,191,31,58,13,0,6,21,1,0,37,43,.304,.417,.466,.883,145,89,4,1,0,1,0,*3/D
229,Yan Gomes\gomesya01,32,WSN,NL,30,119,109,14,31,6,1,4,13,1,0,6,22,.284,.319,.468,.787,110,51,1,1,0,3,0,2
230,Tony Gonsolin\gonsoto01,26,LAD,NL,1,0,0,0,0,0,0,0,0,0,0,0,0,,,,,,0,0,0,0,0,0,/1
231,Erik Gonzalez\gonzaer01,28,PIT,NL,50,193,181,14,41,13,1,3,20,2,3,8,51,.227,.255,.359,.614,65,65,5,0,1,3,0,65/HD
232,Luis Gonzalez*\gonzalu03,24,CHW,AL,3,2,1,1,0,0,0,0,0,0,0,0,1,.000,.500,.000,.500,57,0,0,1,0,0,0,/H8D7
233,Marwin Gonzalez#\gonzama01,31,MIN,AL,53,199,175,15,37,4,0,5,22,0,0,17,41,.211,.286,.320,.606,69,56,1,3,0,4,0,543/9H
234,Niko Goodrum#\goodrni01,28,DET,AL,43,179,158,15,29,7,1,5,20,7,1,18,69,.184,.263,.335,.598,63,53,4,0,0,3,0,64/H
235,Brian Goodwin*\goodwbr01,29,TOT,MLB,50,164,144,17,31,9,1,6,22,5,0,17,54,.215,.299,.417,.715,90,60,1,1,0,2,1,*879/HD
236,Brian Goodwin*\goodwbr01,29,LAA,AL,30,109,95,12,23,7,1,4,17,1,0,12,35,.242,.330,.463,.793,115,44,0,1,0,1,1,79/8H
237,Brian Goodwin*\goodwbr01,29,CIN,NL,20,55,49,5,8,2,0,2,5,4,0,5,19,.163,.236,.327,.563,45,16,1,0,0,1,0,8/H7D9
238,Alex Gordon*\gordoal01,36,KCR,AL,50,184,163,15,34,4,0,4,11,0,0,18,37,.209,.299,.307,.606,65,50,0,3,0,0,0,*7/H
239,Terrance Gore\gorete01,29,LAD,NL,2,0,0,0,0,0,0,0,0,0,0,0,0,,,,,,0,0,0,0,0,0,/8DH
240,Phil Gosselin\gosseph01,31,PHI,NL,39,102,92,14,23,5,0,3,12,0,0,10,27,.250,.324,.402,.726,95,37,3,0,0,0,1,D/H37945
241,Yasmani Grandal#\grandya01,31,CHW,AL,46,194,161,27,37,7,0,8,27,0,0,30,58,.230,.351,.422,.773,112,68,4,1,0,2,0,2/D3H
242,Chad Green*\greench03,29,NYY,AL,1,0,0,0,0,0,0,0,0,0,0,0,0,,,,,,0,0,0,0,0,0,1
243,Didi Gregorius*\gregodi01,30,PHI,NL,60,237,215,34,61,10,2,10,40,3,2,15,28,.284,.339,.488,.827,120,105,4,4,1,2,3,*6/H
244,Grayson Greiner\greingr01,27,DET,AL,18,55,51,8,6,2,0,3,8,0,0,3,20,.118,.182,.333,.515,38,17,2,1,0,0,0,2
245,Randal Grichuk\grichra01,28,TOR,AL,55,231,216,38,59,9,0,12,35,1,1,13,49,.273,.312,.481,.793,114,104,5,0,0,2,1,*8/D
246,Trent Grisham*\grishtr01,23,SDP,NL,59,252,215,42,54,8,3,10,26,10,1,31,64,.251,.352,.456,.808,123,98,1,3,1,1,0,*8/H
247,Robbie Grossman#\grossro01,30,OAK,AL,51,192,166,23,40,12,2,8,23,8,1,21,38,.241,.344,.482,.826,128,80,1,5,0,0,2,*7/H8D9
248,Deivy Grullon\grullde01,24,BOS,AL,1,4,3,0,1,0,0,0,1,0,0,1,1,.333,.500,.333,.833,130,1,0,0,0,0,0,/2
249,Vladimir Guerrero Jr.\guerrvl02,21,TOR,AL,60,243,221,34,58,13,2,9,33,1,0,20,38,.262,.329,.462,.791,115,102,6,2,0,0,1,3D/H
250,Luis Guillorme*\guilllu01,25,NYM,NL,29,68,57,6,19,6,0,0,9,2,0,10,17,.333,.426,.439,.865,140,25,3,0,0,1,0,4/H561
251,Lourdes Gurriel Jr.\gurrilo01,26,TOR,AL,57,224,208,28,64,14,0,11,33,3,1,14,48,.308,.348,.534,.882,138,111,7,0,0,2,0,*7/HD3
252,Yuli Gurriel\gourryu01,36,HOU,AL,57,230,211,27,49,12,1,6,22,0,1,12,27,.232,.274,.384,.658,77,81,6,2,0,5,0,*3/DH
253,Kelvin Gutierrez\gutieke01,25,KCR,AL,4,12,9,0,1,0,0,0,0,0,0,3,6,.111,.333,.111,.444,29,1,0,0,0,0,0,/5DH
254,Ronald Guzman*\guzmaro01,25,TEX,AL,26,86,78,10,19,1,1,4,9,1,0,7,24,.244,.314,.436,.750,105,34,0,1,0,0,0,3/H
255,Jedd Gyorko\gyorkje01,31,MIL,NL,42,135,117,19,29,3,0,9,17,0,0,15,38,.248,.333,.504,.838,120,59,4,1,0,2,1,35/HD1
256,Eric Haase\haaseer01,27,DET,AL,7,19,17,1,3,0,0,0,2,0,0,1,6,.176,.211,.176,.387,9,3,0,0,0,1,0,/2
257,Josh Hader*\haderjo01,26,MIL,NL,1,0,0,0,0,0,0,0,0,0,0,0,0,,,,,,0,0,0,0,0,0,1
258,Sam Haggerty#\haggesa01,26,SEA,AL,13,54,50,7,13,4,0,1,6,4,0,4,16,.260,.315,.400,.715,100,20,0,0,0,0,0,7/5D9
259,Billy Hamilton#\hamilbi02,29,TOT,NL,31,36,32,10,4,0,0,1,2,6,2,2,7,.125,.171,.219,.390,6,7,0,0,1,1,0,8H/D
260,Billy Hamilton#\hamilbi02,29,NYM,NL,17,25,22,4,1,0,0,0,1,3,1,1,3,.045,.083,.045,.129,-63,1,0,0,1,1,0,8/HD
261,Billy Hamilton#\hamilbi02,29,CHC,NL,14,11,10,6,3,0,0,1,1,3,1,1,4,.300,.364,.600,.964,154,6,0,0,0,0,0,8/HD
262,Garrett Hampson\hampsga01,25,COL,NL,53,184,167,25,39,4,3,5,11,6,1,13,60,.234,.287,.383,.671,70,64,1,0,3,1,0,48/H76D
263,Ian Happ#\happia01,25,CHC,NL,57,231,198,27,51,11,1,12,28,1,3,30,63,.258,.361,.505,.866,131,100,1,2,1,0,1,*87/9H3D
264,Bryce Harper*\harpebr03,27,PHI,NL,58,244,190,41,51,9,2,13,33,8,2,49,43,.268,.420,.542,.962,158,103,5,2,1,2,8,*9D/8
265,Josh Harrison\harrijo05,32,WSN,NL,33,91,79,11,22,2,0,3,14,1,2,6,12,.278,.352,.418,.769,108,33,2,4,0,2,0,45/HD793
266,Monte Harrison\harrimo01,24,MIA,NL,32,51,47,8,8,1,0,1,3,6,0,4,26,.170,.235,.255,.491,33,12,0,0,0,0,0,89H
267,Adam Haseley*\haselad01,24,PHI,NL,40,92,79,7,22,5,0,0,13,0,0,7,17,.278,.348,.342,.690,88,27,3,2,3,1,1,87/9H
268,Ke'Bryan Hayes\hayeske01,23,PIT,NL,24,95,85,17,32,7,2,5,11,1,0,9,20,.376,.442,.682,1.124,201,58,2,1,0,0,2,5
269,Austin Hays\haysau01,24,BAL,AL,33,134,122,20,34,2,0,4,9,2,3,8,25,.279,.328,.393,.722,96,48,1,2,0,2,0,87/9H
270,Ryon Healy\healyry01,28,MIL,NL,4,7,7,0,1,0,0,0,0,0,0,0,2,.143,.143,.143,.286,-23,1,0,0,0,0,0,/3DH
271,Nick Heath*\heathni01,26,KCR,AL,15,18,13,2,2,1,0,0,3,2,2,2,6,.154,.313,.231,.543,51,3,0,1,1,0,0,/H8D7
272,Adeiny Hechavarria\hechaad01,31,ATL,NL,27,63,59,7,15,3,0,0,2,0,0,4,12,.254,.302,.305,.607,61,18,1,0,0,0,0,4/5H6D
273,Austin Hedges\hedgeau01,27,TOT,MLB,35,83,69,7,10,1,0,3,6,1,1,6,23,.145,.231,.290,.521,44,20,3,2,5,1,0,2/DH
274,Austin Hedges\hedgeau01,27,SDP,NL,29,71,57,7,9,1,0,3,6,1,1,6,18,.158,.258,.333,.591,63,19,3,2,5,1,0,2/DH
275,Austin Hedges\hedgeau01,27,CLE,AL,6,12,12,0,1,0,0,0,0,0,0,0,5,.083,.083,.083,.167,-54,1,0,0,0,0,0,/2
276,Jonah Heim#\heimjo01,25,OAK,AL,13,41,38,5,8,0,0,0,5,0,0,3,3,.211,.268,.211,.479,37,8,1,0,0,0,0,2/DH
277,Scott Heineman\heinesc01,27,TEX,AL,24,54,52,6,8,3,0,1,7,3,0,2,11,.154,.185,.269,.454,24,14,1,0,0,0,0,8/H7D39
278,Tyler Heineman#\heinety01,29,SFG,NL,15,50,42,3,8,1,0,0,1,1,0,4,6,.190,.292,.214,.506,44,9,0,2,2,0,0,2/1
279,Kyle Hendricks\hendrky01,30,CHC,NL,1,0,0,0,0,0,0,0,0,0,0,0,0,,,,,,0,0,0,0,0,0,1
280,Guillermo Heredia\heredgu01,29,TOT,NL,15,36,33,6,7,0,0,2,5,1,0,3,9,.212,.278,.394,.672,82,13,0,0,0,0,0,/89H
281,Guillermo Heredia\heredgu01,29,PIT,NL,8,18,16,2,3,0,0,0,2,1,0,2,4,.188,.278,.188,.465,31,3,0,0,0,0,0,/98H
282,Guillermo Heredia\heredgu01,29,NYM,NL,7,18,17,4,4,0,0,2,3,0,0,1,5,.235,.278,.588,.866,130,10,0,0,0,0,0,/8H
283,Michael Hermosillo\hermomi01,25,LAA,AL,7,10,8,0,2,0,0,0,2,1,0,1,1,.250,.300,.250,.550,54,2,0,0,0,1,0,/78H
284,Cesar Hernandez#\hernace02,30,CLE,AL,58,261,233,35,66,20,0,3,20,0,0,24,57,.283,.355,.408,.763,109,95,3,2,1,0,0,*4/H
285,Enrique Hernandez\hernaen02,28,LAD,NL,48,148,139,20,32,8,1,5,20,0,1,6,31,.230,.270,.410,.680,81,57,5,2,0,1,0,4H/9783D6
286,Oscar Hernandez\hernaos01,26,KCR,AL,4,4,4,1,2,0,0,0,0,0,0,0,1,.500,.500,.500,1.000,173,2,1,0,0,0,0,/2H
287,Teoscar Hernandez\hernate01,27,TOR,AL,50,207,190,33,55,7,0,16,34,6,1,14,63,.289,.340,.579,.919,146,110,4,1,0,1,0,*9/8DH
288,Yadiel Hernández*\hernaya01,32,WSN,NL,12,28,26,3,5,3,0,1,6,0,0,1,12,.192,.214,.423,.637,67,11,0,0,0,1,0,/DH9
289,Dilson Herrera\herredi01,26,BAL,AL,3,6,5,0,0,0,0,0,0,0,0,0,4,.000,.167,.000,.167,-48,0,0,1,0,0,0,/38H
290,Jason Heyward*\heywaja01,30,CHC,NL,50,181,147,20,39,6,2,6,22,2,0,30,37,.265,.392,.456,.848,129,67,1,2,0,2,1,*9/H
291,Aaron Hicks#\hicksaa01,30,NYY,AL,54,211,169,28,38,10,2,6,21,4,1,41,38,.225,.379,.414,.793,122,70,4,1,0,0,1,*8/HD
292,Kyle Higashioka\higasky01,30,NYY,AL,16,48,48,7,12,1,0,4,10,0,0,0,11,.250,.250,.521,.771,107,25,0,0,0,0,0,2/HD
293,Derek Hill\hillde01,24,DET,AL,15,12,11,3,1,0,0,0,0,0,0,1,6,.091,.167,.091,.258,-26,1,0,0,0,0,0,8/HD
294,Tim Hill\hillti01,30,SDP,NL,1,1,1,0,0,0,0,0,0,0,0,0,1,.000,.000,.000,.000,-100,0,0,0,0,0,0,1
295,Sam Hilliard*\hillisa01,26,COL,NL,36,114,105,13,22,2,2,6,10,3,0,9,42,.210,.272,.438,.710,77,46,0,0,0,0,0,798/HD
296,Keston Hiura\hiurake01,23,MIL,NL,59,246,217,30,46,4,0,13,32,3,2,16,85,.212,.297,.410,.707,87,89,7,11,0,2,2,*4D
297,Nico Hoerner\hoernni01,23,CHC,NL,48,126,108,19,24,4,0,0,13,3,2,12,24,.222,.312,.259,.571,57,28,3,3,0,2,0,46/5H8D7
298,Bryan Holaday\holadbr01,32,BAL,AL,20,33,31,5,5,1,0,0,4,0,0,2,9,.161,.212,.194,.406,12,6,1,0,0,0,0,2/H3D1
299,Jonathan Holder\holdejo02,27,NYY,AL,1,0,0,1,0,0,0,0,0,0,0,0,0,,,,,,0,0,0,0,0,0,1
300,Brock Holt*\holtbr01,32,TOT,NL,36,106,95,12,20,6,0,0,5,1,0,9,24,.211,.283,.274,.557,52,26,3,1,0,1,0,5/7H39D1
301,Brock Holt*\holtbr01,32,MIL,NL,16,36,30,1,3,0,0,0,1,0,0,4,9,.100,.222,.100,.322,-9,3,2,1,0,1,0,5/H79
302,Brock Holt*\holtbr01,32,WSN,NL,20,70,65,11,17,6,0,0,4,1,0,5,15,.262,.314,.354,.668,81,23,1,0,0,0,0,/753HD19
303,Rhys Hoskins\hoskirh01,27,PHI,NL,41,185,151,35,37,9,0,10,26,1,0,29,43,.245,.384,.503,.887,138,76,4,5,0,0,0,*3/D
304,Eric Hosmer*\hosmeer01,30,SDP,NL,38,156,143,23,41,6,0,9,36,4,0,9,28,.287,.333,.517,.851,132,74,3,2,0,2,0,3/DH
305,Joe Hudson\hudsojo03,29,SEA,AL,9,20,17,0,3,0,0,0,0,0,0,2,5,.176,.263,.176,.440,28,3,0,0,1,0,0,/2
306,Sam Huff\huffsa01,22,TEX,AL,10,33,31,5,11,3,0,3,4,0,0,2,11,.355,.394,.742,1.136,204,23,0,0,0,0,0,2
307,José Iglesias\iglesjo01,30,BAL,AL,39,150,142,16,53,17,0,3,24,0,0,3,17,.373,.400,.556,.956,157,79,1,4,0,1,0,6D/H
308,Raisel Iglesias\iglesra01,30,CIN,NL,1,0,0,0,0,0,0,0,0,0,0,0,0,,,,,,0,0,0,0,0,0,1
309,Ender Inciarte*\inciaen01,29,ATL,NL,46,131,116,17,22,2,1,1,10,4,1,12,25,.190,.262,.250,.512,36,29,0,0,1,2,0,*8/H
310,Alex Jackson\jacksal02,24,ATL,NL,5,7,7,0,2,1,0,0,0,0,0,0,4,.286,.286,.429,.714,85,3,1,0,0,0,0,/2H
311,Travis Jankowski*\jankotr01,29,CIN,NL,16,17,15,3,1,0,0,0,0,2,1,2,7,.067,.176,.067,.243,-32,1,1,0,0,0,0,/8H9D7
312,Danny Jansen\janseda01,25,TOR,AL,43,147,120,18,22,3,0,6,20,0,0,21,31,.183,.313,.358,.671,85,43,1,2,3,1,0,*2/H
313,Jon Jay*\jayjo02,35,ARI,NL,18,57,50,5,8,1,0,1,4,0,0,3,12,.160,.211,.240,.451,22,12,0,1,0,3,0,/987DH
314,Ryan Jeffers\jeffery01,23,MIN,AL,26,62,55,5,15,0,0,3,7,0,0,5,19,.273,.355,.436,.791,119,24,0,2,0,0,0,2/DH
315,Jeremy Jeffress\jeffrje01,32,CHC,NL,2,0,0,0,0,0,0,0,0,0,0,0,0,,,,,,0,0,0,0,0,0,1
316,Eloy Jimenez\jimenel02,23,CHW,AL,55,226,213,26,63,14,0,14,41,0,0,12,56,.296,.332,.559,.891,139,119,4,0,0,1,0,*7/D
317,Daniel Johnson*\johnsda07,24,CLE,AL,5,13,12,0,1,0,0,0,0,0,0,1,5,.083,.154,.083,.237,-32,1,0,0,0,0,1,/97H
318,JaCoby Jones\jonesja07,28,DET,AL,30,108,97,19,26,9,0,5,14,1,1,7,34,.268,.333,.515,.849,129,50,1,3,0,1,0,8/H
319,Jahmai Jones\jonesja08,22,LAA,AL,3,7,7,2,3,0,0,0,1,0,0,0,2,.429,.429,.429,.857,137,3,0,0,0,0,0,/4H
320,Taylor Jones\jonesta01,26,HOU,AL,7,22,21,3,4,1,0,1,3,0,0,1,7,.190,.227,.381,.608,62,8,2,0,0,0,0,/D3H
321,Caleb Joseph\josepca01,34,TOR,AL,3,9,8,2,1,0,0,1,2,0,0,1,1,.125,.222,.500,.722,90,4,0,0,0,0,0,/2
322,Matt Joyce*\joycema01,35,MIA,NL,46,148,127,16,32,4,0,2,14,1,0,20,41,.252,.351,.331,.682,87,42,3,0,0,1,0,97D/H
323,Aaron Judge\judgeaa01,28,NYY,AL,28,114,101,23,26,3,0,9,22,0,1,10,32,.257,.336,.554,.891,143,56,5,2,0,0,0,9/DH
324,Trevor Kelley\kelletr01,26,PHI,NL,1,0,0,0,0,0,0,0,0,0,0,0,0,,,,,,0,0,0,0,0,0,/1
325,Carson Kelly\kellyca02,25,ARI,NL,39,129,122,11,27,5,0,5,19,0,0,6,29,.221,.264,.385,.649,73,47,4,1,0,0,0,2/HD1
326,Matt Kemp\kempma01,35,COL,NL,43,132,117,18,28,3,0,6,21,1,0,15,41,.239,.326,.419,.745,89,49,5,0,0,0,1,DH/7
327,Tony Kemp*\kempto01,28,OAK,AL,49,114,93,15,23,5,0,0,4,3,1,15,14,.247,.363,.301,.664,90,28,0,3,1,2,0,*4/H7D
328,Howie Kendrick\kendrho01,36,WSN,NL,25,100,91,11,25,4,0,2,14,0,0,7,17,.275,.320,.385,.705,91,35,4,0,0,2,2,D/3
329,Max Kepler*\keplema01,27,MIN,AL,48,196,171,27,39,9,0,9,23,3,0,22,36,.228,.321,.439,.760,109,75,1,2,0,1,0,*9/8HD
330,Carter Kieboom\kieboca01,22,WSN,NL,33,122,99,15,20,1,0,0,9,0,1,17,33,.202,.344,.212,.556,57,21,6,5,0,1,0,5/HD
331,Kevin Kiermaier*\kiermke01,30,TBR,AL,49,159,138,16,30,5,3,3,22,8,1,20,42,.217,.321,.362,.683,93,50,2,1,0,0,1,*8/H
332,Craig Kimbrel\kimbrcr01,32,CHC,NL,3,0,0,0,0,0,0,0,0,0,0,0,0,,,,,,0,0,0,0,0,0,1
333,Isiah Kiner-Falefa\kineris01,25,TEX,AL,58,228,211,28,59,4,3,3,10,8,5,14,32,.280,.329,.370,.699,93,78,6,2,0,1,0,*56/H
334,Scott Kingery\kingesc01,26,PHI,NL,36,124,113,12,18,5,0,3,6,0,0,9,35,.159,.228,.283,.511,37,32,1,1,1,0,0,4/8H6
335,Jason Kipnis*\kipnija01,33,CHC,NL,44,135,114,13,27,8,1,3,16,1,0,18,41,.237,.341,.404,.744,101,46,1,1,0,2,0,4/DH3
336,Alejandro Kirk\kirkal01,21,TOR,AL,9,25,24,4,9,2,0,1,3,0,0,1,4,.375,.400,.583,.983,166,14,0,0,0,0,0,/2DH
337,Andrew Knapp#\knappan01,28,PHI,NL,33,89,72,9,20,4,1,2,15,0,0,15,19,.278,.404,.444,.849,130,32,1,1,0,1,0,2/HD3
338,Andrew Knizner\kniznan01,25,STL,NL,8,17,16,1,4,1,0,0,4,0,0,0,5,.250,.235,.313,.548,50,5,2,0,0,1,0,/2HD
339,Adam Kolarek*\kolarad01,31,LAD,NL,1,0,0,0,0,0,0,0,0,0,0,0,0,,,,,,0,0,0,0,0,0,1/9
340,Erik Kratz\kratzer01,40,NYY,AL,16,30,28,2,9,2,0,0,4,0,0,2,6,.321,.367,.393,.760,113,11,0,0,0,0,0,2/31
341,Tommy La Stella*\lasteto01,31,TOT,AL,55,228,196,31,55,14,2,5,25,1,0,27,12,.281,.370,.449,.819,126,88,6,2,1,2,0,43/D5H
342,Tommy La Stella*\lasteto01,31,LAA,AL,28,117,99,15,27,8,0,4,14,1,0,15,7,.273,.371,.475,.845,130,47,3,1,1,1,0,43/DH
343,Tommy La Stella*\lasteto01,31,OAK,AL,27,111,97,16,28,6,2,1,11,0,0,12,5,.289,.369,.423,.792,122,41,3,1,0,1,0,4/5D
344,Juan Lagares\lagarju01,31,NYM,NL,2,0,0,0,0,0,0,0,0,0,0,0,0,,,,,,0,0,0,0,0,0,/8H
345,Travis Lakins\lakintr01,26,BAL,AL,1,0,0,1,0,0,0,0,0,0,0,0,0,,,,,,0,0,0,0,0,0,1
346,Jake Lamb*\lambja01,29,TOT,MLB,31,99,88,7,17,5,0,3,10,0,1,8,25,.193,.283,.352,.635,74,31,1,3,0,0,0,53/D
347,Jake Lamb*\lambja01,29,ARI,NL,18,50,43,2,5,1,0,0,1,0,1,6,17,.116,.240,.140,.380,7,6,0,1,0,0,0,3/5D
348,Jake Lamb*\lambja01,29,OAK,AL,13,49,45,5,12,4,0,3,9,0,0,2,8,.267,.327,.556,.882,141,25,1,2,0,0,0,5/D
349,Ramon Laureano\laurera01,25,OAK,AL,54,222,183,27,39,8,1,6,25,2,1,24,58,.213,.338,.366,.704,98,67,7,12,0,3,0,*8/D
350,Ryan Lavarnway\lavarry01,32,MIA,NL,5,11,11,0,4,0,0,0,0,0,0,0,2,.364,.364,.364,.727,98,4,0,0,0,0,0,/2
351,DJ LeMahieu\lemahdj01,31,NYY,AL,50,216,195,41,71,10,2,10,27,3,0,18,21,.364,.421,.590,1.011,178,115,3,2,0,1,0,435/HD
352,Sandy Leon#\leonsa01,31,CLE,AL,25,81,66,4,9,1,0,2,4,0,0,14,21,.136,.296,.242,.539,51,16,2,1,0,0,0,2/HD
353,Kyle Lewis\lewisky01,24,SEA,AL,58,242,206,37,54,3,0,11,28,5,1,34,71,.262,.364,.437,.801,124,90,5,0,0,2,0,*8/DH
354,Tzu-Wei Lin*\lintz02,26,BOS,AL,26,57,52,2,8,1,0,0,3,0,0,2,17,.154,.182,.173,.355,-4,9,1,0,2,1,0,6/4H7982D1
355,Francisco Lindor#\lindofr01,26,CLE,AL,60,266,236,30,61,13,0,8,27,6,2,24,41,.258,.335,.415,.750,104,98,8,4,0,2,2,*6/D
356,Tim Locastro\locasti01,27,ARI,NL,33,82,69,15,20,4,1,2,7,4,0,8,14,.290,.395,.464,.859,133,32,0,4,1,0,0,8H/79D
357,Shed Long*\longsh01,24,SEA,AL,34,128,117,10,20,5,0,3,9,4,0,11,37,.171,.242,.291,.533,49,34,1,0,0,0,0,4/HD7
358,Evan Longoria\longoev01,34,SFG,NL,53,209,193,26,49,10,1,7,28,0,1,11,39,.254,.297,.425,.722,96,82,10,2,0,3,0,*5/H
359,Tim Lopes\lopesti01,26,SEA,AL,46,151,143,16,34,12,0,2,15,5,0,6,34,.238,.278,.364,.642,79,52,2,2,0,0,0,D79/H51
360,Nicky Lopez*\lopezni01,25,KCR,AL,56,192,169,15,34,8,0,1,13,0,5,18,41,.201,.286,.266,.552,51,45,1,2,3,0,0,*4/65H
361,Michael Lorenzen\lorenmi01,28,CIN,NL,6,1,0,2,0,0,0,0,0,0,0,0,0,,1.000,,,,0,0,1,0,0,0,1/H8
362,Brandon Lowe*\lowebr01,25,TBR,AL,56,224,193,36,52,9,2,14,37,3,0,25,58,.269,.362,.554,.916,154,107,2,4,0,2,0,*4/H97D3
363,Nathaniel Lowe*\lowena01,24,TBR,AL,21,76,67,10,15,2,0,4,11,1,0,9,28,.224,.316,.433,.749,109,29,2,0,0,0,2,3/D5H
364,Jonathan Lucroy\lucrojo01,34,BOS,AL,1,0,0,0,0,0,0,0,0,0,0,0,0,,,,,,0,0,0,0,0,0,/2
365,Dawel Lugo\lugoda01,25,DET,AL,9,11,10,3,2,0,0,0,1,0,0,1,1,.200,.273,.200,.473,34,2,1,0,0,0,0,/5HD4
366,Jordan Luplow\luplojo01,26,CLE,AL,29,92,78,8,15,5,1,2,8,0,1,12,19,.192,.304,.359,.663,81,28,3,1,0,1,0,7/9H
367,Gavin Lux*\luxga01,22,LAD,NL,19,69,63,8,11,2,0,3,8,1,0,6,19,.175,.246,.349,.596,59,22,0,0,0,0,0,4/D
368,Manny Machado\machama01,27,SDP,NL,60,254,224,44,68,12,1,16,47,6,3,26,37,.304,.370,.580,.950,160,130,9,0,0,4,4,*5/D
369,Vimael Machin*\machivi01,26,OAK,AL,24,71,63,11,13,2,0,0,0,0,0,8,10,.206,.296,.238,.534,53,15,4,0,0,0,0,5/6D43H
370,Nick Madrigal\madrini01,23,CHW,AL,29,109,103,8,35,3,0,0,11,2,1,4,7,.340,.376,.369,.745,107,38,5,2,0,0,0,4
371,Martin Maldonado\maldoma01,33,HOU,AL,47,165,135,19,29,4,0,6,24,1,0,27,51,.215,.350,.378,.727,99,51,2,1,2,0,0,*2
372,Rafael Marchan#\marchra01,21,PHI,NL,3,9,8,3,4,0,0,1,3,0,0,1,2,.500,.556,.875,1.431,279,7,0,0,0,0,0,/2
373,Manuel Margot\margoma01,25,TBR,AL,47,159,145,19,39,9,0,1,11,12,4,13,25,.269,.327,.352,.679,93,51,0,0,0,1,0,*879/HD
374,Jake Marisnick\marisja01,29,NYM,NL,16,34,33,4,11,3,0,2,5,0,0,1,10,.333,.353,.606,.959,158,20,0,0,0,0,0,8/H
375,Nick Markakis*\markani01,36,ATL,NL,37,141,130,15,33,15,0,1,15,0,1,10,23,.254,.312,.392,.704,85,51,5,1,0,0,0,9/7HD
376,Jose Marmolejos*\marmojo01,27,SEA,AL,35,115,107,12,22,4,0,6,18,0,1,7,32,.206,.261,.411,.672,85,44,2,1,0,0,0,7D/3H9
377,Ketel Marte#\marteke01,26,ARI,NL,45,195,181,19,52,14,1,2,17,1,0,7,21,.287,.323,.409,.732,97,74,2,4,0,3,0,*4/86D
378,Starling Marte\martest01,31,TOT,NL,61,250,228,36,64,14,1,6,27,10,2,12,41,.281,.340,.430,.770,107,98,5,9,0,1,1,*8/7H
379,Starling Marte\martest01,31,ARI,NL,33,138,122,23,38,8,1,2,14,5,2,10,19,.311,.384,.443,.827,124,54,3,5,0,1,1,8/7
380,Starling Marte\martest01,31,MIA,NL,28,112,106,13,26,6,0,4,13,5,0,2,22,.245,.286,.415,.701,86,44,2,4,0,0,0,8/H
381,Jason Martin*\martija03,24,PIT,NL,7,11,9,2,0,0,0,0,0,0,0,2,4,.000,.182,.000,.182,-44,0,0,0,0,0,0,/8H7
382,J.D. Martinez\martijd02,32,BOS,AL,54,237,211,22,45,16,0,7,27,1,0,22,59,.213,.291,.389,.680,79,82,6,2,0,2,3,*D/97
383,Jose Martinez\martijo08,31,TOT,MLB,34,98,88,10,16,4,0,2,10,0,0,10,27,.182,.265,.295,.561,57,26,6,0,0,0,1,DH/3
384,Jose Martinez\martijo08,31,TBR,AL,24,76,67,10,16,4,0,2,10,0,0,9,20,.239,.329,.388,.717,102,26,5,0,0,0,1,D/H3
385,Jose Martinez\martijo08,31,CHC,NL,10,22,21,0,0,0,0,0,0,0,0,1,7,.000,.045,.000,.045,-86,0,1,0,0,0,0,/DH
386,Jorge Mateo\mateojo01,25,SDP,NL,22,28,26,4,4,3,0,0,2,1,0,1,11,.154,.185,.269,.454,25,7,1,0,1,0,0,H/4D798
387,Mark Mathias\mathima01,25,MIL,NL,16,36,36,2,10,3,0,0,4,1,0,0,7,.278,.278,.361,.639,70,13,0,0,0,0,0,/9H7D348
388,Jeff Mathis\mathije01,37,TEX,AL,24,68,62,6,10,1,1,3,9,1,0,5,24,.161,.221,.355,.575,56,22,0,0,0,1,0,2/H
389,Wyatt Mathisen\mathiwy01,26,ARI,NL,9,33,27,5,6,0,0,2,5,0,0,5,12,.222,.364,.444,.808,118,12,0,1,0,0,0,/5DH
390,Cameron Maybin\maybica01,33,TOT,MLB,32,101,93,8,23,8,1,1,7,3,0,7,25,.247,.307,.387,.694,88,36,4,1,0,0,0,9/H78D
391,Cameron Maybin\maybica01,33,DET,AL,14,45,41,5,10,4,0,1,2,0,0,4,13,.244,.311,.415,.726,98,17,3,0,0,0,0,9/HD
392,Cameron Maybin\maybica01,33,CHC,NL,18,56,52,3,13,4,1,0,5,3,0,3,12,.250,.304,.365,.669,80,19,1,1,0,0,0,/97H8D
393,Jack Mayfield\mayfija01,29,HOU,AL,21,47,42,5,8,1,0,0,3,0,0,2,14,.190,.239,.214,.453,26,9,1,1,1,1,0,/564HD
394,Nomar Mazara*\mazarno01,25,CHW,AL,42,149,136,13,31,6,0,1,15,0,1,10,44,.228,.295,.294,.589,64,40,0,3,0,0,0,*9/H
395,Ryan McBroom\mcbrory01,28,KCR,AL,36,85,81,8,20,3,0,6,10,0,0,4,30,.247,.282,.506,.789,107,41,2,0,0,0,0,H3/D79
396,James McCann\mccanja02,30,CHW,AL,31,111,97,20,28,3,0,7,15,1,1,8,30,.289,.360,.536,.896,143,52,2,4,0,2,0,2/H
397,Joe McCarthy*\mccarjo04,26,SFG,NL,4,10,10,0,0,0,0,0,0,0,0,0,5,.000,.000,.000,.000,-100,0,0,0,0,0,0,/79
398,Andrew McCutchen\mccutan01,33,PHI,NL,57,241,217,32,55,9,0,10,34,4,0,22,48,.253,.324,.433,.757,102,94,4,1,0,1,0,7D/H
399,Reese McGuire*\mcguire01,25,TOR,AL,19,45,41,2,3,0,0,1,1,0,0,0,11,.073,.073,.146,.220,-42,6,1,0,4,0,0,2/H
400,Billy McKinney*\mckinbi01,25,TOR,AL,2,3,3,1,2,0,0,0,0,0,0,0,0,.667,.667,.667,1.333,270,2,0,0,0,0,0,/7H9
401,Zach McKinstry*\mckinza01,25,LAD,NL,4,7,7,1,2,1,0,0,0,0,0,0,3,.286,.286,.429,.714,90,3,1,0,0,0,0,/HD49
402,Ryan McMahon*\mcmahry01,25,COL,NL,52,193,172,23,37,6,1,9,26,0,1,18,66,.215,.295,.419,.714,80,72,4,2,0,1,0,453/H6
403,Jeff McNeil*\mcneije01,28,NYM,NL,52,209,183,19,57,14,0,4,23,0,2,20,24,.311,.383,.454,.836,130,83,3,3,0,3,2,74/59DH
404,Austin Meadows*\meadoau01,25,TBR,AL,36,152,132,19,27,8,1,4,13,2,1,17,50,.205,.296,.371,.667,87,49,0,1,0,2,0,7/D9H
405,Erick Mejia#\mejiaer01,25,KCR,AL,8,16,14,1,1,1,0,0,0,1,0,0,7,.071,.071,.143,.214,-44,2,0,0,1,0,0,/5H74
406,Francisco Mejia#\mejiafr01,24,SDP,NL,17,42,39,5,3,1,0,1,2,0,0,1,9,.077,.143,.179,.322,-11,7,1,2,0,0,0,2/H
407,Mark Melancon\melanma01,35,ATL,NL,1,0,0,0,0,0,0,0,0,0,0,0,0,,,,,,0,0,0,0,0,0,1
408,Danny Mendick\mendida01,26,CHW,AL,33,114,107,11,26,4,1,3,6,0,1,6,25,.243,.281,.383,.664,81,41,3,0,0,1,0,4/65
409,Oscar Mercado\mercaos01,25,CLE,AL,36,93,86,6,11,1,0,1,6,3,0,5,27,.128,.174,.174,.348,-4,15,0,0,1,1,0,87/HD
410,Yermin Mercedes\merceye01,27,CHW,AL,1,1,1,0,0,0,0,0,0,0,0,0,0,.000,.000,.000,.000,-100,0,0,0,0,0,0,/DH
411,Jordy Mercer\mercejo03,33,TOT,AL,9,22,20,2,4,0,0,0,0,0,0,2,2,.200,.273,.200,.473,35,4,1,0,0,0,0,/635H
412,Jordy Mercer\mercejo03,33,DET,AL,3,9,9,1,2,0,0,0,0,0,0,0,1,.222,.222,.222,.444,23,2,1,0,0,0,0,/35H
413,Jordy Mercer\mercejo03,33,NYY,AL,6,13,11,1,2,0,0,0,0,0,0,2,1,.182,.308,.182,.490,42,2,0,0,0,0,0,/6
414,Whit Merrifield\merriwh01,31,KCR,AL,60,265,248,38,70,12,0,9,30,12,3,12,33,.282,.325,.440,.764,105,109,3,4,0,1,0,*984/73
415,Brad Miller*\millebr02,30,STL,NL,48,171,142,21,33,8,1,7,25,1,0,25,46,.232,.357,.451,.807,122,64,2,3,0,1,1,D5/H64
416,Ian Miller*\milleia01,28,CHC,NL,1,0,0,0,0,0,0,0,0,0,0,0,0,,,,,,0,0,0,0,0,0,/H
417,Alec Mills\millsal02,28,CHC,NL,1,1,1,0,0,0,0,0,0,0,0,0,1,.000,.000,.000,.000,-100,0,0,0,0,0,0,1/H
418,Yadier Molina\molinya01,37,STL,NL,42,156,145,12,38,2,0,4,16,0,0,6,21,.262,.303,.359,.662,83,52,7,3,1,1,0,*2/3
419,Yoan Moncada#\moncayo01,25,CHW,AL,52,231,200,28,45,8,3,6,24,0,0,28,72,.225,.320,.385,.705,94,77,1,1,0,2,0,*5/H
420,Adalberto Mondesi#\mondera02,24,KCR,AL,59,233,219,33,56,11,3,6,22,24,8,11,70,.256,.294,.416,.710,90,91,4,1,2,0,0,*6
421,Mickey Moniak*\moniami01,22,PHI,NL,8,18,14,3,3,0,0,0,0,0,0,4,6,.214,.389,.214,.603,70,3,0,0,0,0,0,/7HD9
422,Dylan Moore\mooredy01,27,SEA,AL,38,159,137,26,35,9,0,8,17,12,5,14,43,.255,.358,.496,.855,138,68,4,8,0,0,0,794/3658H
423,Colin Moran*\moranco01,27,PIT,NL,52,200,178,28,44,10,0,10,23,0,0,19,52,.247,.325,.472,.797,114,84,9,2,0,1,0,D3/5H
424,Mitch Moreland*\morelmi01,34,TOT,MLB,42,152,136,22,36,9,0,10,29,0,0,15,32,.265,.342,.551,.894,138,75,0,1,0,0,2,3/HD
425,Mitch Moreland*\morelmi01,34,BOS,AL,22,79,67,14,22,4,0,8,21,0,0,11,18,.328,.430,.746,1.177,205,50,0,1,0,0,1,3/H
426,Mitch Moreland*\morelmi01,34,SDP,NL,20,73,69,8,14,5,0,2,8,0,0,4,14,.203,.247,.362,.609,67,25,0,0,0,0,1,3/DH
427,Logan Morrison*\morrilo01,32,MIL,NL,9,28,25,3,3,1,0,1,2,0,0,3,8,.120,.214,.280,.494,31,7,0,0,0,0,0,/DH3
428,Ryan Mountcastle\mountry01,23,BAL,AL,35,140,126,12,42,5,0,5,23,0,1,11,30,.333,.386,.492,.878,137,62,2,1,0,2,0,73/DH
429,Mike Moustakas*\moustmi01,31,CIN,NL,44,163,139,13,32,9,0,8,27,1,0,18,36,.230,.331,.468,.799,105,65,5,4,0,2,1,43/D5H
430,Cedric Mullins*\mullice01,25,BAL,AL,48,153,140,16,38,4,3,3,12,7,2,8,37,.271,.315,.407,.723,95,57,0,1,4,0,0,*8/79HD
431,Max Muncy*\muncyma01,29,LAD,NL,58,248,203,36,39,4,0,12,27,1,0,39,60,.192,.331,.389,.720,95,79,3,4,0,2,2,354/D
432,Yairo Munoz\munozya01,25,BOS,AL,12,45,45,6,15,5,0,1,4,2,0,0,11,.333,.333,.511,.844,121,23,1,0,0,0,0,/79D
433,Daniel Murphy*\murphda08,35,COL,NL,40,132,123,10,29,3,0,3,16,0,0,7,21,.236,.275,.333,.608,55,41,3,0,0,1,2,3/HD
434,John Ryan Murphy\murphjr01,29,PIT,NL,25,63,58,6,10,2,0,0,2,0,0,4,28,.172,.226,.207,.433,20,12,1,0,1,0,0,2/1H
435,Sean Murphy\murphse01,25,OAK,AL,43,140,116,21,27,5,0,7,14,0,0,24,37,.233,.364,.457,.821,129,53,6,0,0,0,0,*2/H
436,Wil Myers\myerswi01,29,SDP,NL,55,218,198,34,57,14,2,15,40,2,1,18,56,.288,.353,.606,.959,160,120,0,2,0,0,0,*9/3D
437,Tyler Naquin*\naquity01,29,CLE,AL,40,141,133,15,29,8,1,4,20,0,1,5,40,.218,.248,.383,.632,70,51,3,1,0,2,0,9/H
438,Omar Narvaez*\narvaom01,28,MIL,NL,40,126,108,8,19,4,0,2,10,0,0,16,39,.176,.294,.269,.562,53,29,1,2,0,0,0,2/H
439,Brian Navarreto\navarbr01,25,MIA,NL,2,5,5,0,2,0,0,0,0,0,0,0,1,.400,.400,.400,.800,118,2,0,0,0,0,0,/2
440,Josh Naylor*\naylojo01,23,TOT,MLB,40,104,97,13,24,3,1,1,6,1,0,5,12,.247,.291,.330,.621,71,32,2,1,0,0,0,7H/D39
441,Josh Naylor*\naylojo01,23,SDP,NL,18,38,36,4,10,0,1,1,4,1,0,1,4,.278,.316,.417,.732,102,15,2,1,0,0,0,/DH937
442,Josh Naylor*\naylojo01,23,CLE,AL,22,66,61,9,14,3,0,0,2,0,0,4,8,.230,.277,.279,.556,54,17,0,0,0,0,0,7/H3
443,Hector Neris\nerishe01,31,PHI,NL,1,0,0,0,0,0,0,0,0,0,0,0,0,,,,,,0,0,0,0,0,0,1
444,Kevin Newman\newmake01,26,PIT,NL,44,172,156,12,35,5,0,1,10,0,1,12,21,.224,.281,.276,.556,53,43,1,1,1,2,0,64/H
445,Tomas Nido\nidoto01,26,NYM,NL,7,26,24,4,7,1,0,2,6,0,0,2,6,.292,.346,.583,.929,150,14,2,0,0,0,0,/2
446,Brandon Nimmo*\nimmobr01,27,NYM,NL,55,225,186,33,52,8,3,8,18,1,2,33,43,.280,.404,.484,.888,145,90,1,6,0,0,0,*879/H
447,John Nogowski\nogowjo01,27,STL,NL,1,4,4,0,1,0,0,0,0,0,0,0,1,.250,.250,.250,.500,40,1,0,0,0,0,0,/3
448,Aaron Nola\nolaaa01,27,PHI,NL,1,0,0,0,0,0,0,0,0,0,0,0,0,,,,,,0,0,0,0,0,0,1
449,Austin Nola\nolaau01,30,TOT,MLB,48,184,161,24,44,9,1,7,28,0,0,18,34,.273,.353,.472,.825,129,76,3,3,0,2,1,*2/DH35
450,Austin Nola\nolaau01,30,SEA,AL,29,110,98,15,30,5,1,5,19,0,0,9,17,.306,.373,.531,.903,151,52,1,2,0,1,1,2/H35D
451,Austin Nola\nolaau01,30,SDP,NL,19,74,63,9,14,4,0,2,9,0,0,9,17,.222,.324,.381,.705,96,24,2,1,0,1,0,2/D
452,Jake Noll\nollja01,26,WSN,NL,7,17,17,2,6,1,0,0,0,0,0,0,4,.353,.353,.412,.765,107,7,1,0,0,0,0,/3HD5
453,Jacob Nottingham\nottija01,25,MIL,NL,20,54,48,8,9,1,0,4,13,0,0,5,20,.188,.278,.458,.736,93,22,1,1,0,0,0,2/H
454,Eduardo Nunez\nunezed02,33,NYM,NL,2,2,2,0,1,0,0,0,0,1,0,0,0,.500,.500,.500,1.000,178,1,0,0,0,0,0,/DH9
455,Renato Nunez\nunezre01,26,BAL,AL,52,216,195,29,50,10,0,12,31,0,0,17,64,.256,.324,.492,.816,118,96,4,3,0,1,0,3D/5H
456,Brian O'Grady*\ogradbr01,28,TBR,AL,2,5,5,2,2,1,0,0,0,1,0,0,1,.400,.400,.600,1.000,178,3,0,0,0,0,0,/387
457,Ryan O'Hearn*\ohearry01,26,KCR,AL,42,132,113,7,22,6,0,2,18,0,0,18,37,.195,.303,.301,.604,65,34,5,0,0,1,2,3H/D
458,Tyler O'Neill\oneilty01,25,STL,NL,50,157,139,20,24,5,0,7,19,3,1,15,43,.173,.261,.360,.621,70,50,3,2,0,1,0,*7/HD
459,Joseph Odom\odomjo01,28,SEA,AL,18,44,39,2,5,0,0,0,2,0,0,4,20,.128,.209,.128,.338,-1,5,1,0,1,0,0,2/H
460,Rougned Odor*\odorro01,26,TEX,AL,38,148,138,15,23,4,0,10,30,0,1,7,47,.167,.209,.413,.623,66,57,2,1,0,2,0,4/D
461,Shohei Ohtani*\ohtansh01,25,LAA,AL,44,175,153,23,29,6,0,7,24,7,1,22,50,.190,.291,.366,.657,79,56,3,0,0,0,0,*D/H1
462,Jared Oliva\olivaja01,24,PIT,NL,6,16,16,0,3,0,0,0,0,1,0,0,6,.188,.188,.188,.375,3,3,0,0,0,0,0,/78H
463,Edward Olivares\olivaed02,24,TOT,MLB,31,101,96,9,23,2,1,3,10,0,2,4,25,.240,.267,.375,.642,73,36,1,0,0,1,0,789/HD
464,Edward Olivares\olivaed02,24,SDP,NL,13,36,34,4,6,1,0,1,3,0,1,2,14,.176,.222,.294,.516,43,10,0,0,0,0,0,/79H8D
465,Edward Olivares\olivaed02,24,KCR,AL,18,65,62,5,17,1,1,2,7,0,1,2,11,.274,.292,.419,.712,90,26,1,0,0,1,0,8/79
466,Matt Olson*\olsonma02,26,OAK,AL,60,245,210,28,41,4,1,14,42,1,0,34,77,.195,.310,.424,.734,103,89,2,1,0,0,2,*3
467,Jorge Oña\onajo01,23,SDP,NL,5,15,12,3,3,1,0,1,2,0,0,2,7,.250,.400,.583,.983,170,7,0,1,0,0,0,/D9
468,Nate Orf\orfna01,30,OAK,AL,6,7,7,1,0,0,0,0,0,0,0,0,1,.000,.000,.000,.000,-100,0,0,0,0,0,0,/H64
469,Jose Osuna\osunajo01,27,PIT,NL,26,82,78,6,16,3,0,4,11,0,1,4,16,.205,.244,.397,.641,71,31,1,0,0,0,0,/395D7H
470,Chris Owings\owingch01,28,COL,NL,17,44,41,9,11,1,0,2,5,1,0,3,11,.268,.318,.439,.757,91,18,0,0,0,0,0,/4H58796
471,Marcell Ozuna\ozunama01,29,ATL,NL,60,267,228,38,77,14,0,18,56,0,0,38,60,.338,.431,.636,1.067,177,145,3,0,0,1,3,D7/9
472,Cristian Pache\pachecr01,21,ATL,NL,2,4,4,0,1,0,0,0,0,0,0,0,2,.250,.250,.250,.500,33,1,0,0,0,0,0,/7
473,Emilio Pagan*\paganem01,29,SDP,NL,1,0,0,0,0,0,0,0,0,0,0,0,0,,,,,,0,0,0,0,0,0,1
474,Joe Panik*\panikjo01,29,TOR,AL,41,141,120,18,27,6,0,1,7,0,0,20,27,.225,.340,.300,.640,79,36,4,1,0,0,0,465/HD
475,Isaac Paredes\paredis01,21,DET,AL,34,108,100,7,22,4,0,1,6,0,0,8,24,.220,.278,.290,.568,57,29,1,0,0,0,0,5/HD
476,Blake Parker\parkebl01,35,PHI,NL,1,0,0,0,0,0,0,0,0,0,0,0,0,,,,,,0,0,0,0,0,0,1
477,Mark Payton*\paytoma01,28,CIN,NL,8,20,18,0,3,1,0,0,0,1,0,2,5,.167,.250,.222,.472,25,4,1,0,0,0,0,/7HD
478,Joc Pederson*\pederjo01,28,LAD,NL,43,138,121,21,23,4,0,7,16,1,0,11,34,.190,.285,.397,.681,83,48,5,5,0,0,0,7D/9H
479,Hunter Pence\pencehu01,37,SFG,NL,17,56,52,4,5,0,1,2,6,0,0,3,15,.096,.161,.250,.411,11,13,3,1,0,0,0,/D79H
480,David Peralta*\peralda01,32,ARI,NL,54,218,203,19,61,10,1,5,34,1,0,13,45,.300,.339,.433,.773,108,88,4,0,0,2,0,*7/DH
481,Jose Peraza\perazjo01,26,BOS,AL,34,120,111,13,25,8,1,1,8,1,1,5,18,.225,.275,.342,.617,64,38,3,3,0,1,0,4/7H65D1
482,Hernan Perez\perezhe01,29,CHC,NL,3,6,6,0,1,0,0,0,0,0,0,0,2,.167,.167,.167,.333,-9,1,0,0,0,0,0,/34D7H
483,Michael Perez*\perezmi03,27,TBR,AL,38,93,84,7,14,3,0,1,13,0,0,7,27,.167,.237,.238,.475,35,20,3,1,0,1,0,2/3H
484,Roberto Perez\perezro02,31,CLE,AL,32,110,97,6,16,2,0,1,5,0,0,11,38,.165,.264,.216,.480,34,21,2,2,0,0,0,2
485,Salvador Perez\perezsa02,30,KCR,AL,37,156,150,22,50,12,0,11,32,1,0,3,36,.333,.353,.633,.986,159,95,0,2,0,1,0,2/3D
486,Jace Peterson*\peterja01,30,MIL,NL,26,61,45,6,9,1,0,2,5,1,0,15,20,.200,.393,.356,.749,104,16,0,0,0,1,0,9/H3574
487,Tommy Pham\phamth01,32,SDP,NL,31,125,109,13,23,2,0,3,12,6,0,15,27,.211,.312,.312,.624,75,34,2,1,0,0,0,7D
488,Josh Phegley\phegljo01,32,CHC,NL,11,18,16,4,1,0,0,1,2,0,0,1,3,.063,.167,.250,.417,11,4,0,1,0,0,0,/DH2
489,David Phelps\phelpda01,33,TOT,NL,1,0,0,0,0,0,0,0,0,0,0,0,0,,,,,,0,0,0,0,0,0,1
490,David Phelps\phelpda01,33,MIL,NL,1,0,0,0,0,0,0,0,0,0,0,0,0,,,,,,0,0,0,0,0,0,1
491,Brett Phillips*\phillbr02,26,TOT,AL,35,59,51,10,10,0,2,2,5,6,1,8,15,.196,.305,.392,.697,91,20,0,0,0,0,0,89/7HD
492,Brett Phillips*\phillbr02,26,KCR,AL,18,34,31,8,7,0,1,1,2,3,1,3,8,.226,.294,.387,.681,83,12,0,0,0,0,0,8/H79D
493,Brett Phillips*\phillbr02,26,TBR,AL,17,25,20,2,3,0,1,1,3,3,0,5,7,.150,.320,.400,.720,102,8,0,0,0,0,0,/987HD
494,Kevin Pillar\pillake01,31,TOT,MLB,54,223,208,34,60,12,3,6,26,5,2,13,41,.288,.336,.462,.798,106,96,4,2,0,0,1,*89/HD7
495,Kevin Pillar\pillake01,31,BOS,AL,30,126,117,20,32,7,2,4,13,1,1,8,23,.274,.325,.470,.795,109,55,4,1,0,0,0,9/8H7D
496,Kevin Pillar\pillake01,31,COL,NL,24,97,91,14,28,5,1,2,13,4,1,5,18,.308,.351,.451,.801,103,41,0,1,0,0,1,8/DH9
497,Manny Pina\pinama01,33,MIL,NL,15,45,39,4,9,1,0,2,5,0,0,3,11,.231,.333,.410,.744,98,16,0,3,0,0,0,2/H
498,Chad Pinder\pindech01,28,OAK,AL,24,61,56,8,13,3,0,2,8,0,0,5,13,.232,.295,.393,.688,91,22,3,0,0,0,0,4/H57D9
499,Stephen Piscotty\piscost01,29,OAK,AL,45,171,159,17,36,6,0,5,29,4,0,9,53,.226,.271,.358,.629,75,57,4,1,1,1,0,*9/H
500,Kevin Plawecki\plaweke01,29,BOS,AL,24,89,82,8,28,5,1,1,17,1,0,5,14,.341,.393,.463,.857,128,38,4,2,0,0,0,2/3D1
501,Adam Plutko\plutkad01,28,CLE,AL,1,0,0,0,0,0,0,0,0,0,0,0,0,,,,,,0,0,0,0,0,0,1
502,Gregory Polanco*\polangr01,28,PIT,NL,50,174,157,12,24,6,0,7,22,3,1,13,65,.153,.214,.325,.539,44,51,1,0,0,3,0,9/DH
503,Jorge Polanco#\polanjo01,26,MIN,AL,55,226,209,22,54,8,0,4,19,4,2,13,35,.258,.304,.354,.658,82,74,7,1,2,1,0,*6/H
504,AJ Pollock\polloaj01,32,LAD,NL,55,210,196,30,54,9,0,16,34,2,2,12,45,.276,.314,.566,.881,132,111,6,0,0,2,1,*78D/H
505,Jurickson Profar#\profaju01,27,SDP,NL,56,202,180,28,50,6,0,7,25,7,1,15,28,.278,.343,.428,.771,114,77,1,4,1,2,0,74/H938D
506,Cesar Puello\puellce01,29,BOS,AL,5,11,8,1,3,0,0,0,0,0,0,2,2,.375,.500,.375,.875,140,3,0,0,1,0,0,/97
507,Albert Pujols\pujolal01,40,LAA,AL,39,163,152,15,34,8,0,6,25,0,0,9,25,.224,.270,.395,.665,79,60,4,1,0,1,1,3D/H
508,Roman Quinn#\quinnro01,27,PHI,NL,41,116,108,14,23,3,1,2,7,12,0,5,39,.213,.261,.315,.576,55,34,0,2,1,0,0,8/H9
509,Harold Ramirez\ramirha02,25,MIA,NL,3,11,10,2,2,0,0,0,1,0,1,1,2,.200,.273,.200,.473,31,2,0,0,0,0,0,/97
510,Jose Ramirez#\ramirjo01,27,CLE,AL,58,254,219,45,64,16,1,17,46,10,3,31,43,.292,.386,.607,.993,167,133,2,3,0,1,0,*5/D
511,Wilson Ramos\ramoswi01,32,NYM,NL,45,155,142,13,34,6,0,5,15,0,0,10,31,.239,.297,.387,.684,87,55,5,2,0,1,0,*2/HD
512,Rangel Ravelo\ravelra01,28,STL,NL,13,41,35,5,6,1,0,1,6,0,0,4,6,.171,.244,.286,.530,47,10,0,0,0,2,0,/D93H7
513,J.T. Realmuto\realmjt01,29,PHI,NL,47,195,173,33,46,6,0,11,32,4,1,16,48,.266,.349,.491,.840,124,85,3,6,0,0,0,2/D3H
514,Josh Reddick*\reddijo01,33,HOU,AL,56,210,188,22,46,11,1,4,23,1,0,20,42,.245,.316,.378,.693,89,71,5,0,0,1,0,*9/DH
515,Rob Refsnyder\refsnro01,29,TEX,AL,15,34,30,4,6,1,0,0,1,0,0,2,11,.200,.265,.233,.498,40,7,0,1,0,1,0,/D3H97
516,Anthony Rendon\rendoan01,30,LAA,AL,52,232,189,29,54,11,1,9,31,0,0,38,31,.286,.418,.497,.915,150,94,10,5,0,0,2,*5
517,Hunter Renfroe\renfrhu01,28,TBR,AL,42,139,122,18,19,5,0,8,22,2,0,14,37,.156,.252,.393,.645,79,48,3,2,0,1,0,9/H3D
518,Luis Rengifo#\rengilu01,23,LAA,AL,33,106,90,12,14,1,0,1,3,3,1,14,26,.156,.269,.200,.469,32,18,2,0,2,0,0,4/5H6
519,Franmil Reyes\reyesfr01,24,CLE,AL,59,241,211,27,58,10,0,9,34,0,0,24,69,.275,.344,.450,.795,116,95,6,1,0,5,0,*D/7H
520,Victor Reyes#\reyesvi01,25,DET,AL,57,213,202,30,56,7,2,4,14,8,2,9,45,.277,.315,.391,.706,93,79,4,2,0,0,0,*879/H
521,Bryan Reynolds#\reynobr01,25,PIT,NL,55,208,185,24,35,6,2,7,19,1,1,21,57,.189,.275,.357,.632,71,66,2,1,0,0,0,*78/HD
522,Matt Reynolds\reynoma03,29,KCR,AL,3,11,11,1,0,0,0,0,0,0,0,0,7,.000,.000,.000,.000,-100,0,0,0,0,0,0,/5
523,Joey Rickard\rickajo01,29,SFG,NL,4,6,5,1,0,0,0,0,0,0,0,1,1,.000,.167,.000,.167,-48,0,0,0,0,0,0,/9H
524,JT Riddle*\riddljt01,28,PIT,NL,23,69,67,8,10,2,0,1,1,1,0,2,13,.149,.174,.224,.398,8,15,0,0,0,0,0,5/687H934
525,Austin Riley\rileyau01,23,ATL,NL,51,206,188,24,45,7,1,8,27,0,0,16,49,.239,.301,.415,.716,86,78,5,1,0,1,1,*5/37
526,Edwin Rios*\riosed01,26,LAD,NL,32,83,76,13,19,6,0,8,17,0,0,4,18,.250,.301,.645,.946,147,49,2,2,0,1,0,5/H3D
527,Rene Rivera\riverre01,36,NYM,NL,2,4,4,0,1,0,0,0,0,0,0,0,3,.250,.250,.250,.500,39,1,0,0,0,0,0,/2H
528,Yadiel Rivera\riverya01,28,TEX,AL,4,5,5,0,0,0,0,0,0,1,0,0,1,.000,.000,.000,.000,-100,0,0,0,0,0,0,/H634
529,Anthony Rizzo*\rizzoan01,30,CHC,NL,58,243,203,26,45,6,0,11,24,3,1,28,38,.222,.342,.414,.755,103,84,6,10,0,2,4,*3/DH
530,Luis Robert\roberlu01,22,CHW,AL,56,227,202,33,47,8,0,11,31,9,2,20,73,.233,.302,.436,.738,100,88,4,1,0,2,0,*8/H
531,Daniel Robertson\roberda10,26,SFG,NL,13,24,21,4,7,0,0,0,2,0,0,3,6,.333,.417,.333,.750,112,7,0,0,0,0,0,/6457HD9
532,Victor Robles\roblevi01,23,WSN,NL,52,189,168,20,37,5,1,3,15,4,1,9,53,.220,.293,.315,.608,66,53,0,9,1,2,0,*8
533,Brendan Rodgers\rodgebr02,23,COL,NL,7,21,21,1,2,1,0,0,2,0,0,0,6,.095,.095,.143,.238,-40,3,0,0,0,0,0,/4HD6
534,Sean Rodriguez\rodrise01,35,MIA,NL,4,13,13,0,2,0,0,0,0,0,0,0,6,.154,.154,.154,.308,-16,2,0,0,0,0,0,/47
535,Josh Rojas*\rojasjo01,26,ARI,NL,17,70,61,9,11,0,0,0,2,1,1,7,16,.180,.257,.180,.437,22,11,1,0,0,2,0,/4D67H
536,Miguel Rojas\rojasmi02,31,MIA,NL,40,143,125,20,38,10,1,4,20,5,1,16,18,.304,.392,.496,.888,138,62,1,2,0,0,2,6/35H
537,Andrew Romine#\rominan01,34,TEX,AL,2,4,4,1,1,1,0,0,0,0,0,0,1,.250,.250,.500,.750,100,2,0,0,0,0,0,/DH6
538,Austin Romine\rominau01,31,DET,AL,37,135,130,12,31,5,0,2,17,0,0,4,47,.238,.259,.323,.582,59,42,3,0,0,1,0,2/3
539,Brent Rooker\rookebr01,25,MIN,AL,7,21,19,4,6,2,0,1,5,0,0,0,5,.316,.381,.579,.960,162,11,0,2,0,0,0,/9D7
540,Amed Rosario\rosaram01,24,NYM,NL,46,147,143,20,36,3,1,4,15,0,1,4,34,.252,.272,.371,.643,75,53,5,0,0,0,0,*6/H
541,Eddie Rosario*\rosared01,28,MIN,AL,57,231,210,31,54,7,0,13,42,3,1,19,34,.257,.316,.476,.792,116,100,3,0,0,2,2,*7/DH
542,Trevor Rosenthal\rosentr01,30,TOT,MLB,2,0,0,0,0,0,0,0,0,0,0,0,0,,,,,,0,0,0,0,0,0,1
543,Trevor Rosenthal\rosentr01,30,KCR,AL,1,0,0,0,0,0,0,0,0,0,0,0,0,,,,,,0,0,0,0,0,0,1
544,Trevor Rosenthal\rosentr01,30,SDP,NL,1,0,0,0,0,0,0,0,0,0,0,0,0,,,,,,0,0,0,0,0,0,/1
545,Darin Ruf\rufda01,33,SFG,NL,40,100,87,11,24,6,0,5,18,1,0,13,23,.276,.370,.517,.887,142,45,1,0,0,0,0,7H/D39
546,Jose Ruiz\ruizjo01,25,CHW,AL,1,0,0,0,0,0,0,0,0,0,0,0,0,,,,,,0,0,0,0,0,0,/1
547,Keibert Ruiz#\ruizke01,21,LAD,NL,2,8,8,1,2,0,0,1,1,0,0,0,3,.250,.250,.625,.875,126,5,0,0,0,0,0,/2
548,Rio Ruiz*\ruizri01,26,BAL,AL,54,204,185,25,41,11,0,9,32,1,2,17,46,.222,.286,.427,.713,90,79,4,0,1,1,1,*5/H47
549,Ali Sanchez\sanchal04,23,NYM,NL,5,10,9,0,1,0,0,0,0,0,0,1,3,.111,.200,.111,.311,-10,1,2,0,0,0,0,/2
550,Gary Sanchez\sanchga02,27,NYY,AL,49,178,156,19,23,4,0,10,24,0,0,18,64,.147,.253,.365,.618,70,57,6,4,0,0,0,*2/DH
551,Jesus Sanchez*\sanchje02,22,MIA,NL,10,29,25,1,1,1,0,0,2,0,0,4,11,.040,.172,.080,.252,-28,2,1,0,0,0,0,9/H
552,Yolmer Sanchez#\sanchca01,28,CHW,AL,11,21,16,7,5,3,0,1,1,0,0,5,5,.313,.476,.688,1.164,216,11,1,0,0,0,0,/5HD641
553,Pablo Sandoval#\sandopa01,33,TOT,NL,34,94,84,5,18,1,0,1,6,0,0,8,19,.214,.287,.262,.549,54,22,3,1,0,1,0,DH/35
554,Pablo Sandoval#\sandopa01,33,SFG,NL,33,90,82,5,18,1,0,1,6,0,0,6,18,.220,.278,.268,.546,52,22,3,1,0,1,0,DH/35
555,Pablo Sandoval#\sandopa01,33,ATL,NL,1,4,2,0,0,0,0,0,0,0,0,2,1,.000,.500,.000,.500,50,0,0,0,0,0,0,/5
556,Miguel Sano\sanomi01,27,MIN,AL,53,205,186,31,38,12,0,13,25,0,0,18,90,.204,.278,.478,.757,105,89,3,1,0,0,1,*3/D
557,Carlos Santana#\santaca01,34,CLE,AL,60,255,206,34,41,7,0,8,30,0,0,47,43,.199,.349,.350,.699,93,72,5,1,0,1,1,*3
558,Danny Santana#\santada01,29,TEX,AL,15,63,55,6,8,4,0,1,7,2,0,7,24,.145,.238,.273,.511,41,15,1,0,0,1,0,/38D7H
559,Domingo Santana\santado01,27,CLE,AL,24,84,70,6,11,3,0,2,12,0,0,13,25,.157,.298,.286,.583,62,20,2,1,0,0,0,9/7H
560,Anthony Santander#\santaan02,25,BAL,AL,37,165,153,24,40,13,1,11,32,0,1,10,25,.261,.315,.575,.890,135,88,2,2,0,0,3,9/7D
561,Scott Schebler*\schebsc01,29,ATL,NL,1,1,1,0,0,0,0,0,0,0,0,0,0,.000,.000,.000,.000,-100,0,0,0,0,0,0,/H9
562,Jonathan Schoop\schoojo01,28,DET,AL,44,177,162,26,45,4,2,8,23,0,0,8,39,.278,.324,.475,.799,116,77,8,4,0,2,0,*4
563,Max Schrock*\schroma01,25,STL,NL,11,17,17,1,3,0,0,1,1,0,0,0,6,.176,.176,.353,.529,42,6,0,0,0,0,0,/4H5D1
564,Kyle Schwarber*\schwaky01,27,CHC,NL,59,224,191,30,36,6,0,11,24,1,0,30,66,.188,.308,.393,.701,88,75,3,3,0,0,1,*7/DH
565,Corey Seager*\seageco01,26,LAD,NL,52,232,212,38,65,12,1,15,41,1,0,17,37,.307,.358,.585,.943,150,124,8,1,0,2,0,*6/D
566,Kyle Seager*\seageky01,32,SEA,AL,60,248,203,35,49,12,0,9,40,5,0,32,33,.241,.355,.433,.788,121,88,4,7,0,6,3,*5/DH
567,Jean Segura\segurje01,30,PHI,NL,54,217,192,28,51,5,2,7,25,2,2,23,45,.266,.347,.422,.769,107,81,6,1,1,0,2,45/6D
568,Marcus Semien\semiema01,29,OAK,AL,53,236,211,28,47,9,1,7,23,4,0,25,50,.223,.305,.374,.679,89,79,3,0,0,0,0,*6
569,Nick Senzel\senzeni01,25,CIN,NL,23,78,70,8,13,6,0,2,8,2,1,6,15,.186,.247,.357,.604,55,25,2,0,0,1,0,8/H
570,Pedro Severino\severpe01,26,BAL,AL,48,178,160,17,40,5,1,5,21,1,0,16,40,.250,.322,.388,.710,92,62,3,1,1,0,0,2D/H
571,Travis Shaw*\shawtr01,30,TOR,AL,50,180,163,17,39,10,0,6,17,0,0,16,50,.239,.306,.411,.717,95,67,4,0,0,1,0,53/HD
572,Magneuris Sierra*\sierrma01,24,MIA,NL,19,53,44,8,11,3,1,0,7,4,1,5,9,.250,.333,.364,.697,89,16,0,1,2,1,0,8/79HD
573,Andrelton Simmons\simmoan01,30,LAA,AL,30,127,118,19,35,7,0,0,10,2,0,8,16,.297,.346,.356,.702,94,42,5,1,0,0,0,6
574,Chance Sisco*\siscoch01,25,BAL,AL,36,121,98,11,21,4,0,4,10,0,0,17,41,.214,.364,.378,.741,103,37,1,6,0,0,0,2/DH
575,Austin Slater\slateau01,27,SFG,NL,31,104,85,18,24,2,1,5,7,8,1,16,22,.282,.408,.506,.914,151,43,2,2,1,0,0,D/9H7
576,Dominic Smith*\smithdo02,25,NYM,NL,50,199,177,27,56,21,1,10,42,0,0,14,45,.316,.377,.616,.993,168,109,2,5,0,3,0,37/DH
577,Dwight Smith Jr.*\smithdw02,27,BAL,AL,21,72,63,9,14,3,0,2,6,1,0,7,19,.222,.306,.365,.671,82,23,1,1,0,1,1,7/DH
578,Kevan Smith\smithke04,32,TBR,AL,17,38,31,3,8,3,0,1,8,0,0,5,11,.258,.378,.452,.830,134,14,1,1,0,0,0,2/HD
579,Mallex Smith*\smithma05,27,SEA,AL,14,47,45,2,6,2,0,0,3,2,0,2,13,.133,.170,.178,.348,-2,8,1,0,0,0,0,9/8
580,Pavin Smith*\smithpa04,24,ARI,NL,12,44,37,7,10,0,1,1,4,1,0,5,8,.270,.341,.405,.746,102,15,0,0,0,2,0,/37D9
581,Will Smith\smithwi05,25,LAD,NL,37,137,114,23,33,9,0,8,25,0,0,20,22,.289,.401,.579,.980,162,66,2,2,0,1,1,2/DH
582,Justin Smoak#\smoakju01,33,TOT,NL,36,132,119,14,21,7,0,5,15,0,0,10,42,.176,.250,.361,.611,62,43,4,2,0,1,0,3/HD
583,Justin Smoak#\smoakju01,33,MIL,NL,33,126,113,14,21,7,0,5,15,0,0,10,40,.186,.262,.381,.642,69,43,3,2,0,1,0,3/HD
584,Justin Smoak#\smoakju01,33,SFG,NL,3,6,6,0,0,0,0,0,0,0,0,0,2,.000,.000,.000,.000,-100,0,1,0,0,0,0,/DH
585,Eric Sogard*\sogarer01,34,MIL,NL,43,128,115,10,24,5,0,1,10,0,0,11,20,.209,.281,.278,.560,51,32,1,1,0,1,0,5H/46D7
586,Nick Solak\solakni01,25,TEX,AL,58,233,209,27,56,10,0,2,23,7,1,18,42,.268,.326,.344,.671,86,72,6,2,0,4,0,748/D3H
587,Donovan Solano\solando01,32,SFG,NL,54,203,190,22,62,15,1,3,29,0,0,10,39,.326,.365,.463,.828,127,88,2,2,0,1,0,*4/5H6
588,Jorge Soler\solerjo01,28,KCR,AL,43,174,149,17,34,8,0,8,24,0,0,19,60,.228,.326,.443,.769,106,66,3,3,0,1,0,D/9H
589,Elliot Soto\sotoel01,30,LAA,AL,3,7,6,2,2,1,0,0,0,0,0,1,1,.333,.429,.500,.929,154,3,0,0,0,0,0,/64H
590,Juan Soto*\sotoju01,21,WSN,NL,47,196,154,39,54,14,0,13,37,6,2,41,28,.351,.490,.695,1.185,217,107,1,1,0,0,12,*7/9D
591,Steven Souza Jr.\souzast01,31,CHC,NL,11,31,27,3,4,2,0,1,5,1,0,4,15,.148,.258,.333,.591,58,9,0,0,0,0,0,/97HD
592,George Springer\springe01,30,HOU,AL,51,222,189,37,50,6,2,14,32,1,2,24,38,.265,.359,.540,.899,141,102,3,5,0,2,0,*8/9DH
593,Jacob Stallings\stallja01,30,PIT,NL,42,143,125,13,31,7,0,3,18,0,0,15,40,.248,.326,.376,.702,91,47,2,0,2,1,0,*2
594,Giancarlo Stanton\stantmi03,30,NYY,AL,23,94,76,12,19,7,0,4,11,1,1,15,27,.250,.387,.500,.887,145,38,4,2,0,0,1,D
595,Bubba Starling\starlbu01,27,KCR,AL,35,64,59,5,10,1,0,1,5,0,0,4,27,.169,.219,.237,.456,24,14,0,0,0,1,0,8/HD79
596,Max Stassi\stassma01,29,LAA,AL,31,105,90,12,25,2,0,7,20,0,0,11,21,.278,.352,.533,.886,138,48,5,1,0,3,0,2/H
597,Tyler Stephenson\stephty01,23,CIN,NL,8,20,17,4,5,0,0,2,6,0,0,2,9,.294,.400,.647,1.047,167,11,0,1,0,0,0,/2DH
598,Andrew Stevenson*\stevean01,26,WSN,NL,15,47,41,11,15,7,1,2,12,2,0,5,11,.366,.447,.732,1.179,212,30,0,1,0,0,0,/79H8
599,Christin Stewart*\stewach02,26,DET,AL,36,99,90,6,15,3,0,3,9,0,0,5,30,.167,.224,.300,.524,43,27,2,2,0,1,0,7/HD
600,DJ Stewart*\stewadj01,26,BAL,AL,31,112,88,13,17,2,0,7,15,0,0,20,38,.193,.355,.455,.809,118,40,0,2,2,0,0,97/H
601,Trevor Story\storytr01,27,COL,NL,59,259,235,41,68,13,4,11,28,15,3,24,63,.289,.355,.519,.874,120,122,5,0,0,0,1,*6/D
602,Matt Strahm\strahma01,28,SDP,NL,1,0,0,0,0,0,0,0,0,0,0,0,0,,,,,,0,0,0,0,0,0,1
603,Dee Strange-Gordon*\gordode01,32,SEA,AL,33,82,75,12,15,1,0,0,3,3,2,5,13,.200,.268,.213,.482,39,16,1,2,0,0,0,47/H6D
604,Myles Straw\strawmy01,25,HOU,AL,33,86,82,8,17,4,0,0,8,6,2,4,22,.207,.244,.256,.500,37,21,0,0,0,0,0,8/HD6
605,Garrett Stubbs*\stubbga01,27,HOU,AL,14,10,8,1,1,0,0,0,1,0,1,0,0,.125,.111,.125,.236,-35,1,0,0,1,1,0,/2H7
606,Eugenio Suarez\suareeu01,28,CIN,NL,57,231,198,29,40,8,0,15,38,2,0,30,67,.202,.312,.470,.781,100,93,5,2,0,1,1,*5
607,Andrew Susac\susacan01,30,PIT,NL,1,4,2,0,0,0,0,0,0,0,0,2,0,.000,.500,.000,.500,55,0,0,0,0,0,0,/2
608,Kurt Suzuki\suzukku01,36,WSN,NL,33,129,111,15,30,8,0,2,17,1,0,11,19,.270,.349,.396,.745,102,44,4,4,0,3,0,2/DH
609,Dansby Swanson\swansda01,26,ATL,NL,60,264,237,49,65,15,0,10,35,5,0,22,71,.274,.345,.464,.809,111,110,0,4,0,1,0,*6
610,Raimel Tapia*\tapiara01,26,COL,NL,51,206,184,26,59,8,2,1,17,8,2,14,38,.321,.369,.402,.772,98,74,3,2,1,3,0,7D/H9
611,Fernando Tatis Jr.\tatisfe02,21,SDP,NL,59,257,224,50,62,11,2,17,45,11,3,27,61,.277,.366,.571,.937,156,128,6,5,0,1,1,*6/D
612,Mike Tauchman*\tauchmi01,29,NYY,AL,43,111,95,18,23,6,0,0,14,6,0,14,26,.242,.342,.305,.648,84,29,3,1,0,1,3,*79/8HD
613,Leody Taveras#\taverle01,21,TEX,AL,33,134,119,20,27,6,1,4,6,8,0,14,43,.227,.308,.395,.703,93,47,0,0,1,0,0,8
614,Beau Taylor*\taylobe11,30,CLE,AL,7,24,21,1,1,0,0,0,2,0,0,2,9,.048,.130,.048,.178,-48,1,0,0,1,0,0,/2
615,Chris Taylor\tayloch03,29,LAD,NL,56,214,185,30,50,10,2,8,32,3,2,26,55,.270,.366,.476,.842,127,88,3,2,1,0,0,674/8DH
616,Michael A. Taylor\taylomi02,29,WSN,NL,38,99,92,11,18,6,0,5,16,0,0,6,27,.196,.253,.424,.676,79,39,2,1,0,0,0,789/HD
617,Tyrone Taylor\tayloty01,26,MIL,NL,22,41,38,6,9,4,0,2,6,0,0,2,8,.237,.293,.500,.793,107,19,1,1,0,0,0,9/8H7
618,Anderson Tejeda#\tejedan01,22,TEX,AL,23,77,75,7,19,4,1,3,8,4,1,2,30,.253,.273,.453,.726,96,34,2,0,0,0,0,6/4D
619,Rowdy Tellez*\tellero01,25,TOR,AL,35,127,113,20,32,5,0,8,23,0,1,11,20,.283,.346,.540,.886,139,61,1,1,0,2,1,3D/H
620,Matt Thaiss*\thaisma01,25,LAA,AL,8,25,21,3,3,0,0,1,1,0,0,4,8,.143,.280,.286,.566,56,6,1,0,0,0,0,/3D457H
621,Eric Thames*\thameer01,33,WSN,NL,41,140,123,10,25,5,0,3,12,1,0,14,42,.203,.300,.317,.617,68,39,2,3,0,0,1,3D/H
622,Lane Thomas\thomala02,24,STL,NL,18,40,36,5,4,2,0,1,2,0,0,4,13,.111,.200,.250,.450,24,9,1,0,0,0,0,9/8H
623,Abraham Toro#\toroab01,23,HOU,AL,33,97,87,13,13,2,0,3,9,1,1,3,23,.149,.237,.276,.513,40,24,1,7,0,0,0,5DH/34
624,Luis Torrens\torrelu01,24,TOT,MLB,25,78,70,5,18,5,0,1,6,0,0,7,15,.257,.325,.371,.696,96,26,1,0,1,0,0,2/HD
625,Luis Torrens\torrelu01,24,SDP,NL,7,13,11,0,3,1,0,0,0,0,0,1,2,.273,.333,.364,.697,95,4,0,0,1,0,0,/2
626,Luis Torrens\torrelu01,24,SEA,AL,18,65,59,5,15,4,0,1,6,0,0,6,13,.254,.323,.373,.696,96,22,1,0,0,0,0,2/HD
627,Gleyber Torres\torregl01,23,NYY,AL,42,160,136,17,33,8,0,3,16,1,0,22,28,.243,.356,.368,.724,103,50,5,2,0,0,0,*6/H
628,Ronald Torreyes\torrero01,27,PHI,NL,4,7,7,1,1,1,0,0,0,0,0,0,0,.143,.143,.286,.429,12,2,1,0,0,0,0,/648
629,Jose Trevino\trevijo01,27,TEX,AL,24,83,76,10,19,8,0,2,9,0,0,3,15,.250,.280,.434,.715,94,33,1,1,1,2,0,2/D3H
630,Chadwick Tromp\trompch01,25,SFG,NL,24,64,61,11,13,1,0,4,10,0,0,1,20,.213,.219,.426,.645,72,26,3,0,0,2,0,2/DH
631,Mike Trout\troutmi01,28,LAA,AL,53,241,199,41,56,9,2,17,46,1,1,35,56,.281,.390,.603,.993,167,120,1,3,0,4,4,*8/D
632,Yoshi Tsutsugo*\tsutsyo01,28,TBR,AL,51,185,157,27,31,5,1,8,24,0,0,26,50,.197,.314,.395,.708,99,62,5,1,0,1,1,D75/H
633,Cole Tucker#\tuckeco01,23,PIT,NL,37,116,109,17,24,3,0,1,8,1,0,5,31,.220,.252,.275,.527,44,30,3,0,1,1,0,89/H4D
634,Kyle Tucker*\tuckeky01,23,HOU,AL,58,228,209,33,56,12,6,9,42,8,1,18,46,.268,.325,.512,.837,124,107,2,0,0,1,2,*7D/9H
635,Justin Turner\turneju01,35,LAD,NL,42,175,150,26,46,9,1,4,23,1,0,18,26,.307,.400,.460,.860,133,69,2,6,0,1,0,5D
636,Trea Turner\turnetr01,27,WSN,NL,59,259,233,46,78,15,4,12,41,12,4,22,36,.335,.394,.588,.982,162,137,5,2,0,2,0,*6
637,Justin Upton\uptonju01,32,LAA,AL,42,166,147,20,30,5,0,9,22,0,2,11,43,.204,.289,.422,.711,92,62,6,7,0,1,0,7/D
638,Luis Urias\uriaslu01,23,MIL,NL,41,120,109,11,26,4,1,0,11,2,2,10,32,.239,.308,.294,.602,63,32,4,1,0,0,0,54/6H
639,Ramon Urias\uriasra01,26,BAL,AL,10,27,25,3,9,2,0,1,3,0,0,2,6,.360,.407,.560,.967,160,14,1,0,0,0,0,/64H
640,Gio Urshela\urshegi01,28,NYY,AL,43,174,151,24,45,11,0,6,30,1,0,18,25,.298,.368,.490,.858,137,74,6,1,0,4,0,*5/H
641,Pat Valaika\valaipa01,27,BAL,AL,52,150,141,24,39,4,0,8,16,0,2,8,34,.277,.315,.475,.791,111,67,3,0,1,0,0,634/H579
642,Cesar Valdez\valdece01,35,BAL,AL,1,0,0,0,0,0,0,0,0,0,0,0,0,,,,,,0,0,0,0,0,0,/1
643,Josh VanMeter*\vanmejo01,25,TOT,NL,26,79,70,9,9,3,0,2,6,1,0,7,24,.129,.228,.257,.485,29,18,0,2,0,0,0,4/DH35
644,Josh VanMeter*\vanmejo01,25,CIN,NL,14,38,34,3,2,1,0,1,1,1,0,3,16,.059,.158,.176,.334,-13,6,0,1,0,0,0,/4DH3
645,Josh VanMeter*\vanmejo01,25,ARI,NL,12,41,36,6,7,2,0,1,5,0,0,4,8,.194,.293,.333,.626,70,12,0,1,0,0,0,4/5H
646,Ildemaro Vargas#\vargail01,28,TOT,MLB,24,54,51,6,10,1,1,1,3,0,0,2,10,.196,.222,.314,.536,45,16,2,0,0,1,0,4/H35
647,Ildemaro Vargas#\vargail01,28,TOT,NL,14,30,29,3,5,0,0,1,1,0,0,1,8,.172,.200,.276,.476,27,8,1,0,0,0,0,/43H5
648,Ildemaro Vargas#\vargail01,28,ARI,NL,8,21,20,2,3,0,0,0,0,0,0,1,5,.150,.190,.150,.340,-5,3,1,0,0,0,0,/34H5
649,Ildemaro Vargas#\vargail01,28,MIN,AL,10,24,22,3,5,1,1,0,2,0,0,1,2,.227,.250,.364,.614,68,8,1,0,0,1,0,/4H5
650,Ildemaro Vargas#\vargail01,28,CHC,NL,6,9,9,1,2,0,0,1,1,0,0,0,3,.222,.222,.556,.778,100,5,0,0,0,0,0,/4H5
651,Daulton Varsho*\varshda01,23,ARI,NL,37,115,101,16,19,5,2,3,9,3,1,12,33,.188,.287,.366,.653,76,37,1,2,0,0,0,82/D7H
652,Christian Vazquez\vazquch01,29,BOS,AL,47,189,173,22,49,9,0,7,23,4,3,16,43,.283,.344,.457,.801,111,79,6,0,0,0,0,*2/D4H
653,Andrew Velazquez#\velazan01,25,BAL,AL,40,77,63,11,10,1,1,0,3,4,2,10,23,.159,.274,.206,.480,34,13,2,0,4,0,0,6H/784
654,Alex Verdugo*\verdual01,24,BOS,AL,53,221,201,36,62,16,0,6,15,4,0,17,45,.308,.367,.478,.844,123,96,4,2,0,1,1,*97/H8D
655,Jonathan Villar#\villajo01,29,TOT,MLB,52,207,185,13,43,5,0,2,15,16,5,19,54,.232,.301,.292,.593,63,54,2,0,1,2,1,46/DH8
656,Jonathan Villar#\villajo01,29,MIA,NL,30,128,116,10,30,4,0,2,9,9,5,10,32,.259,.315,.345,.660,79,40,2,0,1,1,1,64/D8H
657,Jonathan Villar#\villajo01,29,TOR,AL,22,79,69,3,13,1,0,0,6,7,0,9,22,.188,.278,.203,.481,36,14,0,0,0,1,0,4/6DH
658,Meibrys Viloria*\vilorme01,23,KCR,AL,15,24,21,1,4,1,0,0,0,0,0,2,9,.190,.292,.238,.530,47,5,0,1,0,0,0,2
659,Daniel Vogelbach*\vogelda01,27,TOT,MLB,39,136,115,16,24,3,0,6,16,0,0,20,33,.209,.331,.391,.722,98,45,3,1,0,0,1,D/H3
660,Daniel Vogelbach*\vogelda01,27,TOT,AL,20,69,57,3,5,1,0,2,4,0,0,12,15,.088,.246,.211,.457,31,12,1,0,0,0,1,D/H
661,Daniel Vogelbach*\vogelda01,27,SEA,AL,18,64,53,3,5,1,0,2,4,0,0,11,13,.094,.250,.226,.476,36,12,1,0,0,0,1,D/H
662,Daniel Vogelbach*\vogelda01,27,TOR,AL,2,5,4,0,0,0,0,0,0,0,0,1,2,.000,.200,.000,.200,-37,0,0,0,0,0,0,/DH
663,Daniel Vogelbach*\vogelda01,27,MIL,NL,19,67,58,13,19,2,0,4,12,0,0,8,18,.328,.418,.569,.987,161,33,2,1,0,0,0,D/3H
664,Stephen Vogt*\vogtst01,35,ARI,NL,26,81,72,6,12,5,0,1,7,0,0,8,18,.167,.247,.278,.525,43,20,1,0,0,1,0,2/H3D
665,Luke Voit\voitlu01,29,NYY,AL,56,234,213,41,59,5,0,22,52,0,0,17,54,.277,.338,.610,.948,157,130,4,3,0,1,0,*3/DH
666,Joey Votto*\vottojo01,36,CIN,NL,54,223,186,32,42,8,0,11,22,0,0,37,43,.226,.354,.446,.800,107,83,5,0,0,0,1,*3/D
667,LaMonte Wade Jr*\wadela01,26,MIN,AL,16,44,39,3,9,3,0,0,1,1,1,4,9,.231,.318,.308,.626,76,12,0,1,0,0,0,/38H79D
668,Tyler Wade*\wadety01,25,NYY,AL,52,105,88,19,15,3,0,3,10,4,1,12,22,.170,.288,.307,.595,67,27,1,3,1,1,0,46/H
669,Marcus Walden\waldema01,31,BOS,AL,1,0,0,0,0,0,0,0,0,0,0,0,0,,,,,,0,0,0,0,0,0,1
670,Christian Walker\walkech02,29,ARI,NL,57,243,218,35,59,18,1,7,34,1,1,19,50,.271,.333,.459,.792,112,100,6,3,0,3,0,*3D/H
671,Neil Walker#\walkene01,34,PHI,NL,18,41,39,5,9,3,0,0,3,0,0,1,13,.231,.244,.308,.552,48,12,0,0,0,1,0,/4HD3571
672,Chad Wallach\wallach01,28,MIA,NL,15,48,44,4,10,3,0,1,6,0,0,3,12,.227,.277,.364,.640,71,16,1,0,1,0,0,2/H
673,Jared Walsh*\walshja01,26,LAA,AL,32,108,99,19,29,4,2,9,26,0,0,5,15,.293,.324,.646,.971,157,64,0,1,0,3,0,3/H9D
674,Donovan Walton*\waltodo01,26,SEA,AL,5,14,13,0,2,1,0,0,3,0,1,1,5,.154,.214,.231,.445,26,3,1,0,0,0,0,/64
675,Taylor Ward\wardta01,26,LAA,AL,34,102,94,16,26,6,2,0,5,2,0,8,28,.277,.333,.383,.716,96,36,1,0,0,0,0,97/H3D
676,Joey Wendle*\wendljo01,30,TBR,AL,50,184,168,24,48,9,2,4,17,8,2,10,35,.286,.342,.435,.777,118,73,1,5,0,1,1,546/H
677,Eli White\whiteel04,26,TEX,AL,19,52,48,5,9,2,0,0,3,1,1,3,16,.188,.231,.229,.460,28,11,0,0,0,1,0,7/9H8D
678,Evan White\whiteev01,24,SEA,AL,54,202,182,19,32,7,0,8,26,1,2,18,84,.176,.252,.346,.599,66,63,3,1,0,1,0,*3/H
679,Aaron Whitefield\whiteaa01,23,MIN,AL,3,1,1,1,0,0,0,0,0,0,0,0,0,.000,.000,.000,.000,-100,0,0,0,0,0,0,/8H
680,Rowan Wick*\wickro01,27,CHC,NL,1,0,0,0,0,0,0,0,0,0,0,0,0,,,,,,0,0,0,0,0,0,1
681,Matt Wieters#\wietema01,34,STL,NL,19,41,35,3,7,1,0,0,4,0,0,3,10,.200,.300,.229,.529,50,8,1,2,1,0,0,2/H
682,Justin Williams*\williju02,24,STL,NL,3,6,5,0,1,0,0,0,0,0,0,1,2,.200,.333,.200,.533,54,1,0,0,0,0,0,/9DH
683,Mason Williams*\willima10,28,BAL,AL,10,18,18,0,2,0,1,0,0,0,1,0,9,.111,.111,.222,.333,-13,4,0,0,0,0,0,/78H9
684,Taylor Williams#\willita01,28,TOT,MLB,1,0,0,0,0,0,0,0,0,0,0,0,0,,,,,,0,0,0,0,0,0,1
685,Taylor Williams#\willita01,28,SEA,AL,1,0,0,0,0,0,0,0,0,0,0,0,0,,,,,,0,0,0,0,0,0,1
686,Jesse Winker*\winkeje01,26,CIN,NL,54,183,149,27,38,7,0,12,23,1,0,28,46,.255,.388,.544,.932,139,81,3,5,0,1,0,D7/H9
687,Dan Winkler\winklda01,30,CHC,NL,3,0,0,0,0,0,0,0,0,0,0,0,0,,,,,,0,0,0,0,0,0,1
688,Patrick Wisdom\wisdopa01,28,CHC,NL,2,2,2,0,0,0,0,0,0,0,0,0,0,.000,.000,.000,.000,-100,0,0,0,0,0,0,/3H
689,Tony Wolters*\wolteto01,28,COL,NL,42,109,100,10,23,4,0,0,8,0,0,6,30,.230,.280,.270,.550,42,27,1,1,2,0,0,2/4H
690,Kolten Wong*\wongko01,29,STL,NL,53,208,181,26,48,4,2,1,16,5,2,20,30,.265,.350,.326,.675,90,59,1,4,2,1,1,*4/H
691,Jake Woodford\woodfja01,23,STL,NL,1,0,0,0,0,0,0,0,0,0,0,0,0,,,,,,0,0,0,0,0,0,1
692,Mike Yastrzemski*\yastrmi01,29,SFG,NL,54,225,192,39,57,14,4,10,35,2,1,30,55,.297,.400,.568,.968,164,109,2,3,0,0,2,*98/7H
693,Christian Yelich*\yelicch01,28,MIL,NL,58,247,200,39,41,7,1,12,22,4,2,46,76,.205,.356,.430,.786,110,86,4,1,0,0,2,*7/D
694,Andrew Young\youngan02,26,ARI,NL,12,34,26,3,5,2,0,1,4,0,0,5,10,.192,.382,.385,.767,110,10,0,3,0,0,0,/4D5H7
695,Bradley Zimmer*\zimmebr01,27,CLE,AL,20,50,37,3,6,0,0,1,3,2,1,7,14,.162,.360,.243,.603,71,9,2,5,0,1,0,/789H
696,Mike Zunino\zuninmi01,29,TBR,AL,28,84,75,8,11,4,0,4,10,0,0,6,37,.147,.238,.360,.598,66,27,0,3,0,0,0,2
,LgAvg per 600 PA,,,,171,600,533,75,130,25,2,21,71,8,3,55,140,.244,.321,.415,.736,,221,11,7,1,4,2,